    Xbj          Ratio            XS1            XS2      Ratio_Err        XS_Err1        XS_Err2
0.62458   9.830589e-01   2.204790e-02   7.475950e-03   8.790437e-03   7.212441e-05   6.221538e-05
0.63303   9.651350e-01   2.143790e-02   7.404110e-03   8.333729e-03   6.776906e-05   5.949439e-05
0.64150   9.763198e-01   2.063950e-02   7.046700e-03   8.260011e-03   6.408503e-05   5.545746e-05
0.65000   9.894322e-01   1.973110e-02   6.647280e-03   8.293871e-03   6.065024e-05   5.183901e-05
0.65848   9.610228e-01   1.907150e-02   6.615000e-03   7.917591e-03   5.808130e-05   5.063895e-05
0.66693   9.643389e-01   1.816560e-02   6.279120e-03   7.943632e-03   5.511025e-05   4.808789e-05
0.67540   9.921164e-01   1.737700e-02   5.838360e-03   8.263720e-03   5.284641e-05   4.527269e-05
0.68389   9.714552e-01   1.646780e-02   5.650560e-03   8.092139e-03   5.026944e-05   4.379427e-05
0.69239   9.720163e-01   1.572500e-02   5.392570e-03   8.226218e-03   4.873240e-05   4.246768e-05
0.70086   9.827368e-01   1.514490e-02   5.136980e-03   8.516451e-03   4.802539e-05   4.142995e-05
0.70934   9.675141e-01   1.434750e-02   4.943080e-03   8.677650e-03   4.705162e-05   4.126468e-05
0.71778   9.770126e-01   1.367640e-02   4.666060e-03   9.030420e-03   4.633674e-05   4.012592e-05
0.72628   9.972573e-01   1.314860e-02   4.394920e-03   9.547172e-03   4.592819e-05   3.917386e-05
0.73473   9.827269e-01   1.249330e-02   4.237630e-03   9.635640e-03   4.508782e-05   3.863303e-05
0.74323   9.839001e-01   1.160650e-02   3.932140e-03   1.007791e-02   4.320926e-05   3.752170e-05
0.75169   1.018992e+00   1.114430e-02   3.645530e-03   1.087953e-02   4.290477e-05   3.630390e-05
0.76014   9.965640e-01   1.077240e-02   3.603180e-03   1.082191e-02   4.269824e-05   3.642815e-05
0.76859   9.969200e-01   9.972600e-03   3.334470e-03   1.127059e-02   4.100693e-05   3.511564e-05
0.77709   9.958147e-01   9.481700e-03   3.173850e-03   1.161513e-02   4.023180e-05   3.448325e-05
0.78553   9.808222e-01   9.128150e-03   3.102210e-03   1.167725e-02   3.988892e-05   3.435573e-05
0.79402   9.776909e-01   8.490630e-03   2.894790e-03   1.214562e-02   3.857658e-05   3.346985e-05
0.80250   9.648113e-01   8.154750e-03   2.817390e-03   1.221034e-02   3.821667e-05   3.312124e-05
0.81096   1.010389e+00   7.780490e-03   2.566830e-03   1.342003e-02   3.756592e-05   3.176041e-05
0.81941   9.777239e-01   7.254350e-03   2.473210e-03   1.344827e-02   3.642395e-05   3.167069e-05
0.82790   9.982952e-01   6.892850e-03   2.301540e-03   1.450231e-02   3.615424e-05   3.117919e-05
0.83637   9.920693e-01   6.629980e-03   2.227660e-03   1.495107e-02   3.656003e-05   3.124405e-05
0.84483   9.785963e-01   6.243220e-03   2.126590e-03   1.550572e-02   3.633186e-05   3.134062e-05
0.85332   1.016450e+00   5.963340e-03   1.955610e-03   1.726378e-02   3.679297e-05   3.094577e-05
0.86179   1.016900e+00   5.664450e-03   1.856770e-03   1.847401e-02   3.701135e-05   3.147467e-05
0.87023   9.911052e-01   5.320600e-03   1.789450e-03   1.887836e-02   3.700648e-05   3.173142e-05
0.87870   9.992824e-01   5.111330e-03   1.705000e-03   2.025182e-02   3.796491e-05   3.214982e-05
0.88715   1.009467e+00   4.800530e-03   1.585170e-03   2.222967e-02   3.818390e-05   3.255067e-05
0.89562   9.908863e-01   4.601290e-03   1.547870e-03   2.321404e-02   3.911419e-05   3.379140e-05
0.90406   9.216418e-01   4.263930e-03   1.542150e-03   2.267675e-02   3.940865e-05   3.516549e-05
0.91254   9.917241e-01   4.088750e-03   1.374290e-03   2.725082e-02   4.088546e-05   3.517385e-05
0.92104   9.290684e-01   3.822680e-03   1.371510e-03   2.698046e-02   4.120658e-05   3.698359e-05
0.87657   9.851081e-01   4.979840e-03   1.685040e-03   6.891758e-03   1.871972e-05   9.942073e-06
0.89236   9.818837e-01   4.652450e-03   1.579430e-03   6.727355e-03   1.719462e-05   9.112048e-06
0.90816   9.805637e-01   4.210090e-03   1.431180e-03   6.726896e-03   1.558436e-05   8.266281e-06
0.92396   9.743078e-01   3.846100e-03   1.315840e-03   6.761347e-03   1.443968e-05   7.679742e-06
0.93974   9.546822e-01   3.476380e-03   1.213800e-03   6.741196e-03   1.339414e-05   7.182540e-06
0.95551   9.585142e-01   3.177360e-03   1.104960e-03   6.962953e-03   1.253119e-05   6.740797e-06
0.97132   9.461069e-01   2.895570e-03   1.020170e-03   7.083409e-03   1.185061e-05   6.395721e-06
0.98715   9.313950e-01   2.615120e-03   9.359150e-04   7.352794e-03   1.134081e-05   6.173848e-06
1.00294   9.578783e-01   2.401040e-03   8.355410e-04   8.113863e-03   1.104925e-05   5.942042e-06
1.01874   9.495051e-01   2.138600e-03   7.507770e-04   8.528014e-03   1.044255e-05   5.659552e-06
1.03447   9.696926e-01   1.957830e-03   6.730070e-04   9.340197e-03   1.018600e-05   5.455496e-06
1.05027   9.826767e-01   1.747050e-03   5.926160e-04   1.013542e-02   9.740607e-06   5.142283e-06
1.06606   1.012681e+00   1.577710e-03   5.193180e-04   1.127339e-02   9.339033e-06   4.896140e-06
1.08190   1.028303e+00   1.412040e-03   4.577250e-04   1.229604e-02   8.978866e-06   4.635244e-06
1.09763   1.032384e+00   1.231960e-03   3.977720e-04   1.348013e-02   8.382330e-06   4.432930e-06
1.11341   1.043362e+00   1.096810e-03   3.504090e-04   1.458064e-02   8.015202e-06   4.173967e-06
1.12922   1.094325e+00   9.694330e-04   2.952910e-04   1.677691e-02   7.603525e-06   3.889750e-06
1.14497   1.096877e+00   8.532280e-04   2.592900e-04   1.793953e-02   7.174436e-06   3.637320e-06
1.16075   1.122815e+00   7.572470e-04   2.248060e-04   2.011688e-02   6.888108e-06   3.470015e-06
1.17654   1.140005e+00   6.543210e-04   1.913210e-04   2.211820e-02   6.437537e-06   3.199327e-06
1.19233   1.198007e+00   5.817570e-04   1.618680e-04   2.574588e-02   6.158654e-06   3.027304e-06
1.20813   1.154038e+00   4.942620e-04   1.427630e-04   2.709672e-02   5.715448e-06   2.917362e-06
1.22392   1.217455e+00   4.406250e-04   1.206410e-04   3.065950e-02   5.467627e-06   2.643715e-06
1.23960   1.250722e+00   3.716820e-04   9.905800e-05   3.553080e-02   5.075875e-06   2.467574e-06
1.25545   1.217871e+00   3.293900e-04   9.015460e-05   3.590028e-02   4.803099e-06   2.309644e-06
1.27117   1.273967e+00   2.923040e-04   7.648130e-05   4.106430e-02   4.578474e-06   2.154616e-06
1.28695   1.297795e+00   2.483260e-04   6.378150e-05   4.813627e-02   4.341235e-06   2.086452e-06
1.30269   1.320706e+00   2.141010e-04   5.403700e-05   5.399729e-02   4.181243e-06   1.940977e-06
1.31848   1.212692e+00   1.823560e-04   5.012430e-05   5.452976e-02   4.008112e-06   1.966271e-06
1.33422   1.130029e+00   1.617340e-04   4.770790e-05   5.366849e-02   3.964877e-06   1.940609e-06
1.34999   1.279018e+00   1.388530e-04   3.618740e-05   7.358747e-02   3.826039e-06   1.827713e-06
1.36580   1.299845e+00   1.181130e-04   3.028900e-05   8.755313e-02   3.731426e-06   1.801841e-06
1.38154   1.315039e+00   1.041160e-04   2.639110e-05   9.999100e-02   3.715973e-06   1.771888e-06
1.39729   1.232713e+00   9.270050e-05   2.506680e-05   1.041176e-01   3.708085e-06   1.864707e-06
1.41307   1.355756e+00   7.789510e-05   1.915170e-05   1.389039e-01   3.627933e-06   1.747725e-06
1.42885   1.290164e+00   7.434520e-05   1.920820e-05   1.393614e-01   3.808920e-06   1.826613e-06
1.34309   1.261882e+00   1.454150e-04   3.841220e-05   3.523477e-02   2.512001e-06   8.426600e-07
1.38232   1.319329e+00   1.057060e-04   2.670700e-05   4.089326e-02   1.989123e-06   6.577854e-07
1.42163   1.235120e+00   7.128630e-05   1.923870e-05   4.364377e-02   1.558162e-06   5.341452e-07
1.46094   1.316099e+00   5.553360e-05   1.406520e-05   5.264169e-02   1.344552e-06   4.478092e-07
1.50029   1.396030e+00   4.009380e-05   9.573290e-06   6.766143e-02   1.144177e-06   3.750317e-07
1.53959   1.353545e+00   2.985590e-05   7.352520e-06   7.637464e-02   1.010485e-06   3.319516e-07
1.57889   1.207056e+00   2.069530e-05   5.715090e-06   8.095102e-02   8.541654e-07   3.021008e-07
1.61811   1.400550e+00   1.628690e-05   3.876310e-06   1.134204e-01   7.712091e-07   2.546604e-07
1.65745   1.266401e+00   1.117840e-05   2.942300e-06   1.202142e-01   6.497210e-07   2.208223e-07
1.69670   1.300270e+00   8.618490e-06   2.209410e-06   1.459665e-01   5.823643e-07   1.980608e-07
1.73593   1.344182e+00   6.845850e-06   1.697650e-06   1.736158e-01   5.235282e-07   1.767050e-07
1.77507   1.111464e+00   4.721700e-06   1.416060e-06   1.591184e-01   4.422363e-07   1.533196e-07
1.81438   1.310357e+00   4.066890e-06   1.034550e-06   2.194516e-01   4.194672e-07   1.365037e-07
1.85363   1.298329e+00   3.148440e-06   8.083310e-07   2.543755e-01   3.736537e-07   1.260115e-07
1.89277   1.830357e+00   2.815190e-06   5.126850e-07   4.470519e-01   3.575291e-07   1.069604e-07
1.93206   1.910520e+00   1.873750e-06   3.269180e-07   6.104023e-01   2.962661e-07   9.076159e-08
1.97111   1.446433e+00   1.291180e-06   2.975550e-07   5.086983e-01   2.484811e-07   8.759037e-08
2.04952   1.305822e+00   7.147300e-07   1.824470e-07   6.244445e-01   1.910152e-07   7.234899e-08
2.12798   8.416007e-01   5.413580e-07   2.144160e-07   3.819989e-01   1.711947e-07   6.981492e-08
