HRS-L: Target==12, Current=95uA
Cuts:
TriggerCut3 = "((DBB.evtypebits>>3)&1)";
electron_cut = "L.cer.asum_c>500.&&L.cer.asum_c<800.&&(L.prl1.asum_c+L.prl2.asum_c)>800.";
cut_scin = "L.s1.nthit==1&&L.s2.nthit==1&&";

Kin3.1  4095    2.905  0.0720  98.8082 1.0206  0.0785  0.0185 
Kin3.2  3662    3.055  0.1625  98.4864 1.1821  0.1466  0.0196 
Kin4.1  4163    2.855  0.0847  98.7141 1.0792  0.1064  0.0142 
Kin4.2  4121    3.035  0.1676  98.4660 1.2016  0.1335  0.0256 
Kin5.0  3870    2.505  0.0298  99.1750 0.7430  0.0452  0.0048 
Kin5.05 4210    2.650  0.0476  98.9885 0.8856  0.0685  0.0087
Kin5.1  3824    2.795  0.1072  98.8022 0.9827  0.0889  0.0158 
Kin5.2  3798    2.995  0.1329  98.7785 0.9494  0.0949  0.0443
Kin6.5  4016    2.845  0.1822  98.5042 1.1315  0.1534 0.02877

HRS-R: Target==12, Current=95uA
TriggerCut1 = "((DBB.evtypebits>>1)&1)";
electron_cut = "R.cer.asum_c>800.&&R.cer.asum_c<1100.&&(R.sh.asum_c+R.ps.asum_c)>800.0";
cut_scin = "R.s1.nthit==1&&R.s2.nthit==1&&";

Kin3.1  3667    2.905  0.0582  99.1422 0.7403  0.0535  0.0047
Kin3.2  3662    3.055  0.1299  98.8200 0.9249  0.1002  0.0157
Kin4.1  4163    2.855  0.0682  99.0188 0.8459  0.0612  0.0047
Kin4.2  4121    3.035  0.1822  98.7408 0.9636  0.1012  0.0121
Kin5.0  3870    2.505  0.0482  99.3600 0.5446  0.0388  0.0073
Kin5.05 4189    2.650  0.0401  99.1342 0.7324  0.0716  0.0174 (He3)
Kin5.1  3824    2.795  0.1041  99.0379 0.7850  0.0625  0.0091
Kin5.2  3798    2.995  0.2825  98.5500 1.0545  0.0753  0.0377
Kin6.5  4016    2.845  0.1822  98.5042 1.1315  0.1534  0.0288


