197.0 18.00000 -3.74000 0.34129E+01 3.48367 4.16537 4.16537 0.0063832
197.0 18.00000 -3.74000 0.34384E+01 3.39733 4.08425 4.08425 0.00622098
197.0 18.00000 -3.74000 0.34634E+01 3.36721 4.07412 4.07412 0.00603505
197.0 18.00000 -3.74000 0.34879E+01 3.21213 3.91035 3.91035 0.00596802
197.0 18.00000 -3.74000 0.35118E+01 3.19595 3.9112 3.9112 0.00588736
197.0 18.00000 -3.74000 0.35352E+01 3.07963 3.7912 3.7912 0.00587841
197.0 18.00000 -3.74000 0.35582E+01 2.98003 3.68891 3.68891 0.00585525
197.0 18.00000 -3.74000 0.35807E+01 2.88946 3.60327 3.60327 0.00588953
197.0 18.00000 -3.74000 0.36027E+01 2.84822 3.56414 3.56414 0.00585677
197.0 18.00000 -3.74000 0.36243E+01 2.7385 3.44896 3.44896 0.00596326
197.0 18.00000 -3.74000 0.36455E+01 2.63665 3.3423 3.3423 0.00608118
197.0 18.00000 -3.74000 0.36663E+01 2.54215 3.23469 3.23469 0.00627222
197.0 18.00000 -3.74000 0.36866E+01 2.48637 3.17693 3.17693 0.00637457
197.0 18.00000 -3.74000 0.37066E+01 2.40601 3.09375 3.09375 0.00657538
197.0 18.00000 -3.74000 0.37262E+01 2.35053 3.03385 3.03385 0.00666858
197.0 18.00000 -3.74000 0.37454E+01 2.23711 2.90276 2.90276 0.00691168
197.0 18.00000 -3.74000 0.37642E+01 2.17752 2.8387 2.8387 0.00709113
197.0 18.00000 -3.74000 0.37827E+01 2.11874 2.77728 2.77728 0.00726272
197.0 18.00000 -3.74000 0.38009E+01 2.04763 2.69467 2.69467 0.00746771
197.0 18.00000 -3.74000 0.38187E+01 1.92639 2.54388 2.54388 0.00770367
197.0 18.00000 -3.74000 0.38363E+01 1.94804 2.58037 2.58037 0.00779929
197.0 18.00000 -3.74000 0.38535E+01 1.85222 2.46462 2.46462 0.00808162
197.0 18.00000 -3.74000 0.38704E+01 1.79677 2.40306 2.40306 0.0083908
197.0 18.00000 -3.74000 0.38870E+01 1.74117 2.3374 2.3374 0.00868018
197.0 18.00000 -3.74000 0.39033E+01 1.67115 2.25164 2.25164 0.00912755
197.0 18.00000 -3.74000 0.39193E+01 1.60793 2.17362 2.17362 0.00949478
197.0 18.00000 -3.74000 0.39351E+01 1.5663 2.12513 2.12513 0.00997622
197.0 18.00000 -3.74000 0.39506E+01 1.47732 2.00935 2.00935 0.0105936
197.0 18.00000 -3.74000 0.39658E+01 1.45186 1.98106 1.98106 0.010983
197.0 18.00000 -3.74000 0.39808E+01 1.38087 1.88969 1.88969 0.0116577
197.0 18.00000 -3.74000 0.39955E+01 1.35095 1.85483 1.85483 0.0123235
197.0 18.00000 -3.74000 0.40100E+01 1.34154 1.84648 1.84648 0.0130024
197.0 18.00000 -3.74000 0.40243E+01 1.22885 1.69677 1.69677 0.0139263
197.0 18.00000 -3.74000 0.40383E+01 1.23349 1.7075 1.7075 0.0146239
197.0 18.00000 -3.74000 0.40521E+01 1.20478 1.67374 1.67374 0.0157128
197.0 18.00000 -3.74000 0.40657E+01 1.15365 1.60692 1.60692 0.0168939
197.0 18.00000 -4.37000 0.39918E+01 1.34578 1.84649 1.84649 0.00351935
197.0 18.00000 -4.37000 0.40291E+01 1.25131 1.72916 1.72916 0.00344763
197.0 18.00000 -4.37000 0.40648E+01 1.12106 1.56129 1.56129 0.00346918
197.0 18.00000 -4.37000 0.40990E+01 1.02628 1.43984 1.43984 0.00353089
197.0 18.00000 -4.37000 0.41319E+01 0.966331 1.3682 1.3682 0.00359082
197.0 18.00000 -4.37000 0.41635E+01 0.883407 1.25942 1.25942 0.00372455
197.0 18.00000 -4.37000 0.41940E+01 0.8236 1.18617 1.18617 0.00391776
197.0 18.00000 -4.37000 0.42233E+01 0.754291 1.08716 1.08716 0.00415426
197.0 18.00000 -4.37000 0.42515E+01 0.695393 1.00164 1.00164 0.00442133
197.0 18.00000 -4.37000 0.42787E+01 0.632219 0.911536 0.911536 0.0046836
197.0 18.00000 -4.37000 0.43049E+01 0.580805 0.842747 0.842747 0.00496559
197.0 18.00000 -4.37000 0.43303E+01 0.536959 0.794734 0.794734 0.00524382
197.0 18.00000 -4.37000 0.43548E+01 0.494662 0.743135 0.743135 0.00555684
197.0 18.00000 -4.37000 0.43784E+01 0.458088 0.693034 0.693034 0.0058474
197.0 18.00000 -4.37000 0.44013E+01 0.422429 0.647319 0.647319 0.00621604
197.0 18.00000 -4.37000 0.44234E+01 0.377281 0.587848 0.587848 0.00665609
197.0 18.00000 -4.37000 0.44448E+01 0.345127 0.547636 0.547636 0.00704516
197.0 18.00000 -4.37000 0.44656E+01 0.317136 0.512096 0.512096 0.00747832
197.0 18.00000 -4.37000 0.44857E+01 0.296965 0.487571 0.487571 0.00785865
197.0 18.00000 -4.37000 0.45052E+01 0.264167 0.440422 0.440422 0.00845487
197.0 18.00000 -4.37000 0.45241E+01 0.241052 0.407674 0.407674 0.0089963
197.0 18.00000 -4.37000 0.45425E+01 0.214437 0.367294 0.367294 0.00963865
197.0 18.00000 -4.37000 0.45603E+01 0.191871 0.332662 0.332662 0.0103588
197.0 18.00000 -4.37000 0.45776E+01 0.167321 0.293261 0.293261 0.0112665
197.0 18.00000 -4.37000 0.45944E+01 0.152445 0.269802 0.269802 0.0119487
197.0 18.00000 -4.37000 0.46108E+01 0.135607 0.242173 0.242173 0.0129796
197.0 18.00000 -4.37000 0.46267E+01 0.117339 0.211335 0.211335 0.0145213
197.0 18.00000 -4.37000 0.46421E+01 0.106429 0.193218 0.193218 0.0160537
197.0 18.00000 -4.37000 0.46572E+01 0.0940756 0.171984 0.171984 0.0178716
197.0 18.00000 -4.37000 0.46718E+01 0.0852136 0.156751 0.156751 0.0198255
197.0 18.00000 -4.37000 0.46861E+01 0.07195 0.132946 0.132946 0.0227452
197.0 18.00000 -4.37000 0.47000E+01 0.0608656 0.11306 0.11306 0.0262979
197.0 18.00000 -4.37000 0.47136E+01 0.0569652 0.106377 0.106377 0.0288444
197.0 18.00000 -4.37000 0.47268E+01 0.0484223 0.0908473 0.0908473 0.0333894
197.0 18.00000 -4.37000 0.47397E+01 0.0442044 0.0832473 0.0832473 0.0376623
197.0 18.00000 -4.37000 0.47522E+01 0.0350178 0.0661256 0.0661256 0.0453624
197.0 18.00000 -5.10000 0.46829E+01 0.0711501 0.13132 0.13132 0.00255647
197.0 18.00000 -5.10000 0.47656E+01 0.0315548 0.0597907 0.0597907 0.00362158
197.0 18.00000 -5.10000 0.48366E+01 0.0152509 0.0292937 0.0292937 0.00548125
197.0 18.00000 -5.10000 0.48982E+01 0.00788898 0.0153176 0.0153176 0.00815695
197.0 18.00000 -5.10000 0.49521E+01 0.00448347 0.00881071 0.00881071 0.011432
197.0 18.00000 -5.10000 0.49997E+01 0.00262987 0.0052258 0.0052258 0.0158079
197.0 18.00000 -5.10000 0.50420E+01 0.00144749 0.00291024 0.00291024 0.0224673
197.0 18.00000 -5.10000 0.50800E+01 0.000900177 0.00183706 0.00183706 0.0298011
197.0 18.00000 -5.10000 0.51141E+01 0.000562228 0.00116356 0.00116356 0.0396533
197.0 18.00000 -5.10000 0.51450E+01 0.000332616 0.000697467 0.000697467 0.0533757
197.0 18.00000 -5.10000 0.51731E+01 0.000225341 0.000478278 0.000478278 0.0672673
197.0 18.00000 -5.10000 0.51988E+01 0.000166906 0.000358281 0.000358281 0.0816488
197.0 18.00000 -5.10000 0.52223E+01 8.34392e-05 0.00018099 0.00018099 0.118681
197.0 18.00000 -5.10000 0.52440E+01 6.60289e-05 0.000144618 0.000144618 0.138676
197.0 18.00000 -5.10000 0.52640E+01 4.65928e-05 0.000102998 0.000102998 0.171501
197.0 18.00000 -5.10000 0.52825E+01 3.43583e-05 7.66035e-05 7.66035e-05 0.204126
197.0 18.00000 -5.10000 0.52997E+01 1.66499e-05 3.74184e-05 3.74184e-05 0.301498
197.0 18.00000 -5.10000 0.53157E+01 1.64591e-05 3.72726e-05 3.72726e-05 0.316236
197.0 18.00000 -5.10000 0.53307E+01 1.19272e-05 2.72051e-05 2.72051e-05 0.377972
197.0 18.00000 -5.10000 0.53447E+01 1.79196e-06 4.11515e-06 4.11515e-06 1
197.0 18.00000 -5.10000 0.53578E+01 3.85503e-06 8.90994e-06 8.90994e-06 0.707106
197.0 18.00000 -5.10000 0.53702E+01 4.0016e-06 9.30545e-06 9.30545e-06 0.707106
197.0 18.00000 -5.10000 0.53818E+01 4.15458e-06 9.7157e-06 9.7157e-06 0.707106
197.0 18.00000 -5.10000 0.53927E+01 2.10937e-06 4.96033e-06 4.96033e-06 1
197.0 18.00000 -5.10000 0.54128E+01 2.37264e-06 5.63596e-06 5.63596e-06 1
197.0 18.00000 -5.10000 0.54309E+01 2.58881e-06 6.20811e-06 6.20811e-06 1
197.0 18.00000 -5.10000 0.54393E+01 5.40993e-06 1.30282e-05 1.30282e-05 1
197.0 22.00000 -3.44000 0.31384E+01 0.916733 1.13484 1.13484 0.00606854
197.0 22.00000 -3.44000 0.31604E+01 0.88713 1.10644 1.10644 0.0059328
197.0 22.00000 -3.44000 0.31821E+01 0.855383 1.07092 1.07092 0.00579343
197.0 22.00000 -3.44000 0.32035E+01 0.807732 1.01603 1.01603 0.00575235
197.0 22.00000 -3.44000 0.32245E+01 0.787092 0.998378 0.998378 0.00570276
197.0 22.00000 -3.44000 0.32451E+01 0.753075 0.959794 0.959794 0.00567973
197.0 22.00000 -3.44000 0.32654E+01 0.71929 0.920994 0.920994 0.0057036
197.0 22.00000 -3.44000 0.32854E+01 0.696101 0.896821 0.896821 0.00569271
197.0 22.00000 -3.44000 0.33051E+01 0.662276 0.858467 0.858467 0.00574827
197.0 22.00000 -3.44000 0.33245E+01 0.633442 0.823596 0.823596 0.00584815
197.0 22.00000 -3.44000 0.33435E+01 0.605806 0.792637 0.792637 0.00602812
197.0 22.00000 -3.44000 0.33623E+01 0.58671 0.770601 0.770601 0.00619089
197.0 22.00000 -3.44000 0.33808E+01 0.553359 0.731376 0.731376 0.00640407
197.0 22.00000 -3.44000 0.33990E+01 0.531667 0.707178 0.707178 0.00658
197.0 22.00000 -3.44000 0.34169E+01 0.517705 0.691689 0.691689 0.00675281
197.0 22.00000 -3.44000 0.34345E+01 0.484738 0.649115 0.649115 0.00698317
197.0 22.00000 -3.44000 0.34519E+01 0.473597 0.635459 0.635459 0.00715717
197.0 22.00000 -3.44000 0.34691E+01 0.446112 0.605694 0.605694 0.0074057
197.0 22.00000 -3.44000 0.34859E+01 0.433688 0.58995 0.58995 0.00759517
197.0 22.00000 -3.44000 0.35026E+01 0.410956 0.561895 0.561895 0.0078397
197.0 22.00000 -3.44000 0.35190E+01 0.392425 0.53824 0.53824 0.00807282
197.0 22.00000 -3.44000 0.35351E+01 0.37299 0.514083 0.514083 0.00831919
197.0 22.00000 -3.44000 0.35510E+01 0.355587 0.492413 0.492413 0.00860249
197.0 22.00000 -3.44000 0.35667E+01 0.33919 0.471407 0.471407 0.00894896
197.0 22.00000 -3.44000 0.35822E+01 0.315929 0.440496 0.440496 0.00950144
197.0 22.00000 -3.44000 0.35975E+01 0.310313 0.434601 0.434601 0.0098538
197.0 22.00000 -3.44000 0.36125E+01 0.301239 0.423754 0.423754 0.0102934
197.0 22.00000 -3.44000 0.36274E+01 0.279467 0.394709 0.394709 0.01106
197.0 22.00000 -3.44000 0.36420E+01 0.270697 0.383472 0.383472 0.0115872
197.0 22.00000 -3.44000 0.36565E+01 0.258588 0.367665 0.367665 0.0121851
197.0 22.00000 -3.44000 0.36707E+01 0.251037 0.35829 0.35829 0.0129848
197.0 22.00000 -3.44000 0.36848E+01 0.236371 0.338897 0.338897 0.0139443
197.0 22.00000 -3.44000 0.36986E+01 0.228101 0.329166 0.329166 0.0147908
197.0 22.00000 -3.44000 0.37123E+01 0.207377 0.299394 0.299394 0.0161753
197.0 22.00000 -3.44000 0.37258E+01 0.210856 0.304688 0.304688 0.0169931
197.0 22.00000 -3.44000 0.37392E+01 0.187946 0.271756 0.271756 0.018814
197.0 22.00000 -4.02000 0.36696E+01 0.240026 0.342442 0.342442 0.00526786
197.0 22.00000 -4.02000 0.36993E+01 0.225496 0.325486 0.325486 0.00518908
197.0 22.00000 -4.02000 0.37281E+01 0.203184 0.293646 0.293646 0.0052085
197.0 22.00000 -4.02000 0.37562E+01 0.18526 0.26796 0.26796 0.00528188
197.0 22.00000 -4.02000 0.37834E+01 0.168985 0.244343 0.244343 0.0054056
197.0 22.00000 -4.02000 0.38100E+01 0.155067 0.224619 0.224619 0.00553211
197.0 22.00000 -4.02000 0.38358E+01 0.135916 0.197973 0.197973 0.00584356
197.0 22.00000 -4.02000 0.38610E+01 0.127336 0.189079 0.189079 0.00614759
197.0 22.00000 -4.02000 0.38856E+01 0.11488 0.172521 0.172521 0.00652459
197.0 22.00000 -4.02000 0.39095E+01 0.104716 0.158462 0.158462 0.00694729
197.0 22.00000 -4.02000 0.39328E+01 0.0929334 0.140589 0.140589 0.00741435
197.0 22.00000 -4.02000 0.39555E+01 0.085369 0.130646 0.130646 0.00784703
197.0 22.00000 -4.02000 0.39777E+01 0.0776833 0.120466 0.120466 0.00826635
197.0 22.00000 -4.02000 0.39993E+01 0.0717487 0.112643 0.112643 0.00872578
197.0 22.00000 -4.02000 0.40204E+01 0.0629986 0.100374 0.100374 0.00940908
197.0 22.00000 -4.02000 0.40410E+01 0.0563156 0.090862 0.090862 0.0100278
197.0 22.00000 -4.02000 0.40612E+01 0.0514853 0.0841866 0.0841866 0.0106744
197.0 22.00000 -4.02000 0.40808E+01 0.0461845 0.0764251 0.0764251 0.0113592
197.0 22.00000 -4.02000 0.41001E+01 0.0411993 0.0689635 0.0689635 0.0121438
197.0 22.00000 -4.02000 0.41189E+01 0.0363965 0.0615723 0.0615723 0.0130498
197.0 22.00000 -4.02000 0.41372E+01 0.032931 0.0562759 0.0562759 0.0138812
197.0 22.00000 -4.02000 0.41552E+01 0.02966 0.0511266 0.0511266 0.0148304
197.0 22.00000 -4.02000 0.41728E+01 0.0258225 0.0448894 0.0448894 0.0159694
197.0 22.00000 -4.02000 0.41900E+01 0.0231822 0.0406333 0.0406333 0.0171147
197.0 22.00000 -4.02000 0.42068E+01 0.0197538 0.0348624 0.0348624 0.0187382
197.0 22.00000 -4.02000 0.42233E+01 0.0172651 0.0306905 0.0306905 0.0203655
197.0 22.00000 -4.02000 0.42394E+01 0.0148905 0.0266336 0.0266336 0.0225132
197.0 22.00000 -4.02000 0.42552E+01 0.0133955 0.0241057 0.0241057 0.0248531
197.0 22.00000 -4.02000 0.42707E+01 0.0118805 0.021483 0.021483 0.0277451
197.0 22.00000 -4.02000 0.42858E+01 0.0104589 0.0189751 0.0189751 0.0307447
197.0 22.00000 -4.02000 0.43007E+01 0.00882122 0.0160313 0.0160313 0.0349861
197.0 22.00000 -4.02000 0.43152E+01 0.00759491 0.0138705 0.0138705 0.0402903
197.0 22.00000 -4.02000 0.43295E+01 0.00651241 0.0119414 0.0119414 0.0460285
197.0 22.00000 -4.02000 0.43435E+01 0.00612398 0.0112715 0.0112715 0.0501259
197.0 22.00000 -4.02000 0.43572E+01 0.00513614 0.00948293 0.00948293 0.0590273
197.0 22.00000 -4.02000 0.43707E+01 0.00471675 0.00872324 0.00872324 0.0657949
197.0 22.00000 -4.65300 0.42550E+01 0.0132974 0.023929 0.023929 0.00658563
197.0 22.00000 -4.65300 0.43028E+01 0.0086435 0.0157188 0.0157188 0.00752722
197.0 22.00000 -4.65300 0.43477E+01 0.00568961 0.0104824 0.0104824 0.00896541
197.0 22.00000 -4.65300 0.43899E+01 0.0038293 0.00710789 0.00710789 0.0109382
197.0 22.00000 -4.65300 0.44297E+01 0.00263469 0.00492131 0.00492131 0.0135131
197.0 22.00000 -4.65300 0.44672E+01 0.00180629 0.00339361 0.00339361 0.0167315
197.0 22.00000 -4.65300 0.45027E+01 0.00124684 0.00235623 0.00235623 0.0206407
197.0 22.00000 -4.65300 0.45363E+01 0.000954523 0.00181615 0.00181615 0.0242823
197.0 22.00000 -4.65300 0.45682E+01 0.00062156 0.0011913 0.0011913 0.0307586
197.0 22.00000 -4.65300 0.45984E+01 0.000468763 0.000905695 0.000905695 0.0361075
197.0 22.00000 -4.65300 0.46272E+01 0.00034635 0.000674496 0.000674496 0.0431539
197.0 22.00000 -4.65300 0.46546E+01 0.000233535 0.000458365 0.000458365 0.0535282
197.0 22.00000 -4.65300 0.46807E+01 0.000189915 0.000375472 0.000375472 0.0606339
197.0 22.00000 -4.65300 0.47056E+01 0.000143858 0.00028616 0.00028616 0.0712488
197.0 22.00000 -4.65300 0.47293E+01 0.000106403 0.000212973 0.000212973 0.0842142
197.0 22.00000 -4.65300 0.47521E+01 7.67247e-05 0.000154817 0.000154817 0.101017
197.0 22.00000 -4.65300 0.47738E+01 5.64396e-05 0.000114837 0.000114837 0.12038
197.0 22.00000 -4.65300 0.47947E+01 3.32969e-05 6.82729e-05 6.82729e-05 0.160125
197.0 22.00000 -4.65300 0.48147E+01 3.74439e-05 7.7368e-05 7.7368e-05 0.154306
197.0 22.00000 -4.65300 0.48339E+01 2.21457e-05 4.60981e-05 4.60981e-05 0.204118
197.0 22.00000 -4.65300 0.48523E+01 1.62372e-05 3.40445e-05 3.40445e-05 0.242538
197.0 22.00000 -4.65300 0.48700E+01 1.67712e-05 3.54065e-05 3.54065e-05 0.242538
197.0 22.00000 -4.65300 0.48870E+01 1.44583e-05 3.0731e-05 3.0731e-05 0.26726
197.0 22.00000 -4.65300 0.49034E+01 1.17684e-05 2.51767e-05 2.51767e-05 0.301518
197.0 22.00000 -4.65300 0.49192E+01 1.10776e-05 2.3848e-05 2.3848e-05 0.316228
197.0 22.00000 -4.65300 0.49345E+01 5.65103e-06 1.224e-05 1.224e-05 0.447237
197.0 22.00000 -4.65300 0.49492E+01 1.16454e-06 2.53765e-06 2.53765e-06 1
197.0 22.00000 -4.65300 0.49633E+01 2.4578e-06 5.38616e-06 5.38616e-06 0.707106
197.0 22.00000 -4.65300 0.49770E+01 2.53529e-06 5.5865e-06 5.5865e-06 0.707106
197.0 22.00000 -4.65300 0.50391E+01 3.09739e-06 6.99679e-06 6.99679e-06 1
197.0 26.00000 -3.17000 0.28916E+01 0.256925 0.32988 0.32988 0.00717128
197.0 26.00000 -3.17000 0.29110E+01 0.248565 0.321532 0.321532 0.00696114
197.0 26.00000 -3.17000 0.29302E+01 0.235992 0.307374 0.307374 0.00683417
197.0 26.00000 -3.17000 0.29492E+01 0.221346 0.289406 0.289406 0.00680728
197.0 26.00000 -3.17000 0.29679E+01 0.210283 0.276617 0.276617 0.00675562
197.0 26.00000 -3.17000 0.29863E+01 0.202404 0.267362 0.267362 0.00672117
197.0 26.00000 -3.17000 0.30045E+01 0.189308 0.252043 0.252043 0.00678649
197.0 26.00000 -3.17000 0.30225E+01 0.181598 0.243242 0.243242 0.0068018
197.0 26.00000 -3.17000 0.30403E+01 0.169746 0.228503 0.228503 0.00695019
197.0 26.00000 -3.17000 0.30578E+01 0.162643 0.219982 0.219982 0.00711897
197.0 26.00000 -3.17000 0.30751E+01 0.154646 0.209524 0.209524 0.00734023
197.0 26.00000 -3.17000 0.30921E+01 0.147319 0.201413 0.201413 0.00760517
197.0 26.00000 -3.17000 0.31090E+01 0.137799 0.190465 0.190465 0.00786971
197.0 26.00000 -3.17000 0.31256E+01 0.130003 0.179813 0.179813 0.00813853
197.0 26.00000 -3.17000 0.31421E+01 0.122661 0.170487 0.170487 0.00841891
197.0 26.00000 -3.17000 0.31583E+01 0.11629 0.16237 0.16237 0.00870909
197.0 26.00000 -3.17000 0.31743E+01 0.110468 0.155186 0.155186 0.0090113
197.0 26.00000 -3.17000 0.31901E+01 0.103096 0.145526 0.145526 0.00935599
197.0 26.00000 -3.17000 0.32058E+01 0.0983799 0.139463 0.139463 0.00962448
197.0 26.00000 -3.17000 0.32212E+01 0.0949618 0.135195 0.135195 0.0098509
197.0 26.00000 -3.17000 0.32365E+01 0.0893382 0.128209 0.128209 0.0102355
197.0 26.00000 -3.17000 0.32516E+01 0.0808453 0.116707 0.116707 0.0107398
197.0 26.00000 -3.17000 0.32665E+01 0.0776963 0.112259 0.112259 0.0110635
197.0 26.00000 -3.17000 0.32812E+01 0.0732238 0.105884 0.105884 0.0114615
197.0 26.00000 -3.17000 0.32958E+01 0.0692741 0.100208 0.100208 0.0120322
197.0 26.00000 -3.17000 0.33102E+01 0.067127 0.0972415 0.0972415 0.0125936
197.0 26.00000 -3.17000 0.33244E+01 0.0622498 0.0902484 0.0902484 0.0134148
197.0 26.00000 -3.17000 0.33385E+01 0.0603571 0.0874781 0.0874781 0.014069
197.0 26.00000 -3.17000 0.33524E+01 0.0567214 0.0822085 0.0822085 0.0149484
197.0 26.00000 -3.17000 0.33661E+01 0.053044 0.0770309 0.0770309 0.0160081
197.0 26.00000 -3.17000 0.33797E+01 0.0503277 0.0732173 0.0732173 0.017112
197.0 26.00000 -3.17000 0.33931E+01 0.0471127 0.0687107 0.0687107 0.0182691
197.0 26.00000 -3.17000 0.34064E+01 0.0456112 0.0671851 0.0671851 0.0195615
197.0 26.00000 -3.17000 0.34195E+01 0.0415791 0.0618743 0.0618743 0.0213965
197.0 26.00000 -3.17000 0.34325E+01 0.0395795 0.0594058 0.0594058 0.0232184
197.0 26.00000 -3.17000 0.34454E+01 0.0363878 0.0549785 0.0549785 0.0252764
197.0 26.00000 -3.70000 0.33763E+01 0.0484477 0.0704624 0.0704624 0.00664602
197.0 26.00000 -3.70000 0.34013E+01 0.0454864 0.0667224 0.0667224 0.00651093
197.0 26.00000 -3.70000 0.34258E+01 0.0411968 0.0615785 0.0615785 0.00653044
197.0 26.00000 -3.70000 0.34498E+01 0.0368059 0.0556963 0.0556963 0.00664519
197.0 26.00000 -3.70000 0.34733E+01 0.0330374 0.0502296 0.0502296 0.00680558
197.0 26.00000 -3.70000 0.34963E+01 0.0294299 0.0445505 0.0445505 0.0070426
197.0 26.00000 -3.70000 0.35189E+01 0.0266191 0.0405836 0.0405836 0.00733021
197.0 26.00000 -3.70000 0.35411E+01 0.0233147 0.0358993 0.0358993 0.0078206
197.0 26.00000 -3.70000 0.35628E+01 0.0217345 0.0338208 0.0338208 0.0082518
197.0 26.00000 -3.70000 0.35841E+01 0.0192101 0.0302424 0.0302424 0.00879942
197.0 26.00000 -3.70000 0.36049E+01 0.0173893 0.0276448 0.0276448 0.00934907
197.0 26.00000 -3.70000 0.36254E+01 0.0150783 0.0242667 0.0242667 0.0100612
197.0 26.00000 -3.70000 0.36455E+01 0.0139931 0.02276 0.02276 0.0105875
197.0 26.00000 -3.70000 0.36653E+01 0.012058 0.0198121 0.0198121 0.0114927
197.0 26.00000 -3.70000 0.36846E+01 0.0110831 0.0183902 0.0183902 0.012057
197.0 26.00000 -3.70000 0.37036E+01 0.00949438 0.0159074 0.0159074 0.0131128
197.0 26.00000 -3.70000 0.37223E+01 0.00848204 0.0143234 0.0143234 0.0140636
197.0 26.00000 -3.70000 0.37406E+01 0.00746172 0.0127091 0.0127091 0.0151062
197.0 26.00000 -3.70000 0.37586E+01 0.00654122 0.0112325 0.0112325 0.0162608
197.0 26.00000 -3.70000 0.37763E+01 0.00584373 0.0100992 0.0100992 0.0173291
197.0 26.00000 -3.70000 0.37937E+01 0.00519216 0.00903745 0.00903745 0.0185789
197.0 26.00000 -3.70000 0.38108E+01 0.00433547 0.00759756 0.00759756 0.020459
197.0 26.00000 -3.70000 0.38276E+01 0.00383561 0.00675378 0.00675378 0.0218892
197.0 26.00000 -3.70000 0.38440E+01 0.00346765 0.00614297 0.00614297 0.023243
197.0 26.00000 -3.70000 0.38603E+01 0.00288594 0.00513936 0.00513936 0.0257518
197.0 26.00000 -3.70000 0.38762E+01 0.00266159 0.00475322 0.00475322 0.0271767
197.0 26.00000 -3.70000 0.38919E+01 0.00225996 0.00405187 0.00405187 0.0301926
197.0 26.00000 -3.70000 0.39073E+01 0.00199902 0.0035754 0.0035754 0.0332217
197.0 26.00000 -3.70000 0.39225E+01 0.00167185 0.00300105 0.00300105 0.0379878
197.0 26.00000 -3.70000 0.39374E+01 0.00149792 0.00269976 0.00269976 0.0421445
197.0 26.00000 -3.70000 0.39521E+01 0.00131563 0.0023802 0.0023802 0.0466224
197.0 26.00000 -3.70000 0.39666E+01 0.00116947 0.00212079 0.00212079 0.0522706
197.0 26.00000 -3.70000 0.39808E+01 0.000971719 0.00176655 0.00176655 0.0608579
197.0 26.00000 -3.70000 0.39948E+01 0.000822142 0.00149797 0.00149797 0.070014
197.0 26.00000 -3.70000 0.40086E+01 0.000774416 0.00141319 0.00141319 0.0769235
197.0 26.00000 -3.70000 0.40222E+01 0.000641688 0.00117314 0.00117314 0.0909089
197.0 26.00000 -4.32000 0.39457E+01 0.00134221 0.0024248 0.0024248 0.018285
197.0 26.00000 -4.32000 0.39815E+01 0.000968429 0.00176094 0.00176094 0.019877
197.0 26.00000 -4.32000 0.40160E+01 0.00069462 0.00126879 0.00126879 0.0224172
197.0 26.00000 -4.32000 0.40492E+01 0.000513237 0.000942211 0.000942211 0.0254489
197.0 26.00000 -4.32000 0.40812E+01 0.000375974 0.000693529 0.000693529 0.0296559
197.0 26.00000 -4.32000 0.41120E+01 0.000286875 0.000531579 0.000531579 0.0346888
197.0 26.00000 -4.32000 0.41417E+01 0.000209767 0.000391002 0.000391002 0.0412399
197.0 26.00000 -4.32000 0.41703E+01 0.000161902 0.000303761 0.000303761 0.0475113
197.0 26.00000 -4.32000 0.41980E+01 0.000120352 0.000227246 0.000227246 0.0559902
197.0 26.00000 -4.32000 0.42247E+01 9.25411e-05 0.000176026 0.000176026 0.0650948
197.0 26.00000 -4.32000 0.42505E+01 6.90326e-05 0.00013226 0.00013226 0.076029
197.0 26.00000 -4.32000 0.42754E+01 5.45461e-05 0.000105281 0.000105281 0.0867131
197.0 26.00000 -4.32000 0.42996E+01 4.42001e-05 8.59213e-05 8.59213e-05 0.0980621
197.0 26.00000 -4.32000 0.43230E+01 3.31574e-05 6.49122e-05 6.49122e-05 0.114712
197.0 26.00000 -4.32000 0.43456E+01 1.78471e-05 3.51766e-05 3.51766e-05 0.158115
197.0 26.00000 -4.32000 0.43676E+01 1.83943e-05 3.64815e-05 3.64815e-05 0.158115
197.0 26.00000 -4.32000 0.43888E+01 1.46864e-05 2.9293e-05 2.9293e-05 0.179608
197.0 26.00000 -4.32000 0.44095E+01 1.75651e-05 3.51904e-05 3.51904e-05 0.166667
197.0 26.00000 -4.32000 0.44295E+01 8.52852e-06 1.72143e-05 1.72143e-05 0.242538
197.0 26.00000 -4.32000 0.44490E+01 6.21207e-06 1.26249e-05 1.26249e-05 0.288676
197.0 26.00000 -4.32000 0.44679E+01 3.17628e-06 6.49851e-06 6.49851e-06 0.408249
197.0 26.00000 -4.32000 0.44862E+01 4.4121e-06 9.08649e-06 9.08649e-06 0.353561
197.0 26.00000 -4.32000 0.45041E+01 2.76917e-06 5.74148e-06 5.74148e-06 0.447209
197.0 26.00000 -4.32000 0.45214E+01 1.71925e-06 3.58716e-06 3.58716e-06 0.577352
197.0 26.00000 -4.32000 0.45383E+01 1.19064e-06 2.49991e-06 2.49991e-06 0.707109
197.0 26.00000 -4.32000 0.45547E+01 1.80448e-06 3.81202e-06 3.81202e-06 0.577352
197.0 26.00000 -4.32000 0.45707E+01 1.23377e-06 2.62273e-06 2.62273e-06 0.707109
197.0 26.00000 -4.32000 0.45863E+01 1.90757e-06 4.07801e-06 4.07801e-06 0.577352
197.0 26.00000 -4.32000 0.46015E+01 6.7708e-07 1.456e-06 1.456e-06 1
197.0 26.00000 -4.32000 0.46448E+01 9.98352e-07 2.18257e-06 2.18257e-06 1
197.0 32.00000 -2.67000 0.24350E+01 0.0704301 0.091919 0.091919 0.0212368
197.0 32.00000 -2.67000 0.24504E+01 0.0661935 0.0868914 0.0868914 0.020948
197.0 32.00000 -2.67000 0.24657E+01 0.0645736 0.0854369 0.0854369 0.020118
197.0 32.00000 -2.67000 0.24808E+01 0.0599392 0.07958 0.07958 0.0203324
197.0 32.00000 -2.67000 0.24959E+01 0.0577813 0.0770662 0.0770662 0.0197889
197.0 32.00000 -2.67000 0.25107E+01 0.0535577 0.0718606 0.0718606 0.0200548
197.0 32.00000 -2.67000 0.25255E+01 0.0491374 0.0664037 0.0664037 0.0203919
197.0 32.00000 -2.67000 0.25401E+01 0.0481478 0.0655232 0.0655232 0.0201861
197.0 32.00000 -2.67000 0.25546E+01 0.0446927 0.0610519 0.0610519 0.0207925
197.0 32.00000 -2.67000 0.25689E+01 0.0422595 0.0577249 0.0577249 0.0213815
197.0 32.00000 -2.67000 0.25831E+01 0.0403521 0.055186 0.055186 0.0219519
197.0 32.00000 -2.67000 0.25972E+01 0.0369786 0.0514768 0.0514768 0.0228668
197.0 32.00000 -2.67000 0.26112E+01 0.035551 0.0496115 0.0496115 0.0234821
197.0 32.00000 -2.67000 0.26250E+01 0.0350976 0.0492737 0.0492737 0.0237122
197.0 32.00000 -2.67000 0.26387E+01 0.0317372 0.0447705 0.0447705 0.0249552
197.0 32.00000 -2.67000 0.26524E+01 0.0295171 0.0419648 0.0419648 0.0261567
197.0 32.00000 -2.67000 0.26658E+01 0.0280694 0.0402361 0.0402361 0.0267179
197.0 32.00000 -2.67000 0.26792E+01 0.0251187 0.0360894 0.0360894 0.0284014
197.0 32.00000 -2.67000 0.26925E+01 0.0256282 0.0368743 0.0368743 0.0284034
197.0 32.00000 -2.67000 0.27056E+01 0.0226102 0.0325459 0.0325459 0.0300857
197.0 32.00000 -2.67000 0.27186E+01 0.0210831 0.0304053 0.0304053 0.0314524
197.0 32.00000 -2.67000 0.27316E+01 0.0197972 0.0286234 0.0286234 0.0325696
197.0 32.00000 -2.67000 0.27444E+01 0.0197779 0.0286453 0.0286453 0.0326877
197.0 32.00000 -2.67000 0.27571E+01 0.017648 0.0255589 0.0255589 0.0346494
197.0 32.00000 -2.67000 0.27697E+01 0.018203 0.0263622 0.0263622 0.0344439
197.0 32.00000 -2.67000 0.27822E+01 0.0173371 0.0251251 0.0251251 0.0361549
197.0 32.00000 -2.67000 0.27946E+01 0.0152624 0.0221808 0.0221808 0.0397837
197.0 32.00000 -2.67000 0.28068E+01 0.0152018 0.0221664 0.0221664 0.0407975
197.0 32.00000 -2.67000 0.28190E+01 0.0138186 0.0202486 0.0202486 0.0439789
197.0 32.00000 -2.67000 0.28311E+01 0.012947 0.0192092 0.0192092 0.0467305
197.0 32.00000 -2.67000 0.28431E+01 0.011382 0.0170489 0.0170489 0.0521299
197.0 32.00000 -2.67000 0.28550E+01 0.0107339 0.0161973 0.0161973 0.0552155
197.0 32.00000 -2.67000 0.28668E+01 0.010544 0.0160354 0.0160354 0.0585311
197.0 32.00000 -2.67000 0.28785E+01 0.0105846 0.0161667 0.0161667 0.0623858
197.0 32.00000 -2.67000 0.28901E+01 0.0087922 0.0134742 0.0134742 0.0710743
197.0 32.00000 -2.67000 0.29016E+01 0.00941625 0.0143391 0.0143391 0.0721683
197.0 32.00000 -3.13000 0.28550E+01 0.0111337 0.016802 0.016802 0.016711
197.0 32.00000 -3.13000 0.28741E+01 0.0105034 0.0160116 0.0160116 0.0162006
197.0 32.00000 -3.13000 0.28930E+01 0.00931842 0.0142806 0.0142806 0.0163645
197.0 32.00000 -3.13000 0.29116E+01 0.00852068 0.0129225 0.0129225 0.0164197
197.0 32.00000 -3.13000 0.29300E+01 0.00784812 0.0119596 0.0119596 0.0165362
197.0 32.00000 -3.13000 0.29481E+01 0.00690958 0.0105784 0.0105784 0.0171957
197.0 32.00000 -3.13000 0.29661E+01 0.00624778 0.00963473 0.00963473 0.0175818
197.0 32.00000 -3.13000 0.29837E+01 0.00583064 0.009054 0.009054 0.0181735
197.0 32.00000 -3.13000 0.30012E+01 0.00525422 0.00821501 0.00821501 0.0193233
197.0 32.00000 -3.13000 0.30184E+01 0.00458663 0.00721874 0.00721874 0.0206864
197.0 32.00000 -3.13000 0.30355E+01 0.00425071 0.00675962 0.00675962 0.0216021
197.0 32.00000 -3.13000 0.30523E+01 0.00361764 0.00579188 0.00579188 0.0235838
197.0 32.00000 -3.13000 0.30689E+01 0.00338069 0.00545213 0.00545213 0.0246255
197.0 32.00000 -3.13000 0.30853E+01 0.00283535 0.00461012 0.00461012 0.0267839
197.0 32.00000 -3.13000 0.31015E+01 0.002645 0.00433297 0.00433297 0.0279617
197.0 32.00000 -3.13000 0.31176E+01 0.00239556 0.00395407 0.00395407 0.0295657
197.0 32.00000 -3.13000 0.31334E+01 0.00202128 0.00335376 0.00335376 0.0323925
197.0 32.00000 -3.13000 0.31490E+01 0.00202635 0.00338755 0.00338755 0.0323599
197.0 32.00000 -3.13000 0.31645E+01 0.00175407 0.00295887 0.00295887 0.0349648
197.0 32.00000 -3.13000 0.31798E+01 0.00163918 0.00277055 0.00277055 0.0364669
197.0 32.00000 -3.13000 0.31949E+01 0.00138885 0.002361 0.002361 0.0399374
197.0 32.00000 -3.13000 0.32098E+01 0.00116618 0.00200143 0.00200143 0.0438114
197.0 32.00000 -3.13000 0.32245E+01 0.00105335 0.00181037 0.00181037 0.0460793
197.0 32.00000 -3.13000 0.32391E+01 0.000877149 0.00151417 0.00151417 0.0508347
197.0 32.00000 -3.13000 0.32535E+01 0.000899679 0.00156438 0.00156438 0.0505708
197.0 32.00000 -3.13000 0.32678E+01 0.000722995 0.00126264 0.00126264 0.057355
197.0 32.00000 -3.13000 0.32819E+01 0.000594593 0.00104098 0.00104098 0.0641486
197.0 32.00000 -3.13000 0.32958E+01 0.000554885 0.000975529 0.000975529 0.0685174
197.0 32.00000 -3.13000 0.33096E+01 0.000554454 0.00097834 0.00097834 0.0707106
197.0 32.00000 -3.13000 0.33232E+01 0.000458602 0.000811778 0.000811778 0.0816496
197.0 32.00000 -3.13000 0.33367E+01 0.000390739 0.000692887 0.000692887 0.0905359
197.0 32.00000 -3.13000 0.33500E+01 0.000369717 0.00065378 0.00065378 0.0985322
197.0 32.00000 -3.13000 0.33632E+01 0.000329758 0.000581761 0.000581761 0.110432
197.0 32.00000 -3.13000 0.33762E+01 0.000295529 0.000522936 0.000522936 0.12309
197.0 32.00000 -3.13000 0.33891E+01 0.000243658 0.000431279 0.000431279 0.142857
197.0 32.00000 -3.13000 0.34019E+01 0.000265419 0.000470877 0.000470877 0.147439
197.0 32.00000 -3.65000 0.33305E+01 0.000457378 0.000810493 0.000810493 0.0543944
197.0 32.00000 -3.65000 0.33549E+01 0.000375793 0.000662942 0.000662942 0.0559022
197.0 32.00000 -3.65000 0.33788E+01 0.000307946 0.000544905 0.000544905 0.0587224
197.0 32.00000 -3.65000 0.34023E+01 0.000200276 0.000355362 0.000355362 0.0700137
197.0 32.00000 -3.65000 0.34253E+01 0.000161413 0.000288413 0.000288413 0.0755932
197.0 32.00000 -3.65000 0.34478E+01 0.000164335 0.000293706 0.000293706 0.0739224
197.0 32.00000 -3.65000 0.34700E+01 0.000133259 0.00023956 0.00023956 0.0827592
197.0 32.00000 -3.65000 0.34917E+01 9.34748e-05 0.000168006 0.000168006 0.1
197.0 32.00000 -3.65000 0.35130E+01 6.73109e-05 0.000121728 0.000121728 0.11785
197.0 32.00000 -3.65000 0.35339E+01 5.89686e-05 0.000106656 0.000106656 0.127003
197.0 32.00000 -3.65000 0.35544E+01 5.26595e-05 9.57965e-05 9.57965e-05 0.136083
197.0 32.00000 -3.65000 0.35745E+01 4.6667e-05 8.51133e-05 8.51133e-05 0.145869
197.0 32.00000 -3.65000 0.35943E+01 3.9447e-05 7.22091e-05 7.22091e-05 0.16013
197.0 32.00000 -3.65000 0.36138E+01 3.56277e-05 6.55677e-05 6.55677e-05 0.169026
197.0 32.00000 -3.65000 0.36328E+01 2.47986e-05 4.57641e-05 4.57641e-05 0.204126
197.0 32.00000 -3.65000 0.36516E+01 1.6654e-05 3.09394e-05 3.09394e-05 0.25001
197.0 32.00000 -3.65000 0.36700E+01 1.81148e-05 3.37704e-05 3.37704e-05 0.242531
197.0 32.00000 -3.65000 0.36881E+01 1.0773e-05 2.01792e-05 2.01792e-05 0.316226
197.0 32.00000 -3.65000 0.37059E+01 8.84249e-06 1.66761e-05 1.66761e-05 0.353554
197.0 32.00000 -3.65000 0.37234E+01 8.8829e-06 1.67948e-05 1.67948e-05 0.353554
197.0 32.00000 -3.65000 0.37406E+01 1.14282e-05 2.17755e-05 2.17755e-05 0.316226
197.0 32.00000 -3.65000 0.37575E+01 9.30658e-06 1.77833e-05 1.77833e-05 0.353554
197.0 32.00000 -3.65000 0.37741E+01 1.28971e-05 2.48091e-05 2.48091e-05 0.301496
197.0 32.00000 -3.65000 0.37905E+01 8.42182e-06 1.62895e-05 1.62895e-05 0.37797
197.0 32.00000 -3.65000 0.38066E+01 2.41689e-06 4.68792e-06 4.68792e-06 0.707103
197.0 32.00000 -3.65000 0.38224E+01 3.68686e-06 7.20718e-06 7.20718e-06 0.577351
197.0 32.00000 -3.65000 0.38380E+01 3.78068e-06 7.41242e-06 7.41242e-06 0.577351
197.0 32.00000 -3.65000 0.38533E+01 3.91636e-06 7.71969e-06 7.71969e-06 0.577351
197.0 32.00000 -3.65000 0.38684E+01 2.80074e-06 5.55312e-06 5.55312e-06 0.707103
197.0 32.00000 -3.65000 0.38833E+01 1.54596e-06 3.07305e-06 3.07305e-06 1
197.0 40.00000 -1.14000 0.10393E+01 0.366213 0.299608 0.299608 0.0253236
197.0 40.00000 -1.14000 0.10452E+01 0.347881 0.286014 0.286014 0.0250081
197.0 40.00000 -1.14000 0.10512E+01 0.384473 0.317642 0.317642 0.0226269
197.0 40.00000 -1.14000 0.10571E+01 0.361946 0.300446 0.300446 0.0224504
197.0 40.00000 -1.14000 0.10630E+01 0.36097 0.301027 0.301027 0.0217991
197.0 40.00000 -1.14000 0.10688E+01 0.348654 0.292174 0.292174 0.0215187
197.0 40.00000 -1.14000 0.10747E+01 0.322352 0.271391 0.271391 0.022036
197.0 40.00000 -1.14000 0.10806E+01 0.324352 0.274331 0.274331 0.0212291
197.0 40.00000 -1.14000 0.10864E+01 0.327066 0.277879 0.277879 0.0205365
197.0 40.00000 -1.14000 0.10922E+01 0.328708 0.280501 0.280501 0.0201807
197.0 40.00000 -1.14000 0.10980E+01 0.326823 0.280141 0.280141 0.0199703
197.0 40.00000 -1.14000 0.11038E+01 0.311842 0.268482 0.268482 0.0203873
197.0 40.00000 -1.14000 0.11096E+01 0.313092 0.27075 0.27075 0.0202013
197.0 40.00000 -1.14000 0.11153E+01 0.31805 0.276243 0.276243 0.0199632
197.0 40.00000 -1.14000 0.11211E+01 0.300413 0.262062 0.262062 0.0206641
197.0 40.00000 -1.14000 0.11268E+01 0.30471 0.266928 0.266928 0.0204069
197.0 40.00000 -1.14000 0.11325E+01 0.296892 0.261172 0.261172 0.0207369
197.0 40.00000 -1.14000 0.11383E+01 0.297019 0.262419 0.262419 0.0206917
197.0 40.00000 -1.14000 0.11439E+01 0.283868 0.251806 0.251806 0.0212731
197.0 40.00000 -1.14000 0.11496E+01 0.283607 0.25259 0.25259 0.0210238
197.0 40.00000 -1.14000 0.11553E+01 0.275788 0.246593 0.246593 0.0212453
197.0 40.00000 -1.14000 0.11609E+01 0.273615 0.245635 0.245635 0.0213375
197.0 40.00000 -1.14000 0.11666E+01 0.267704 0.241287 0.241287 0.0218132
197.0 40.00000 -1.14000 0.11722E+01 0.262659 0.23765 0.23765 0.0222407
197.0 40.00000 -1.14000 0.11778E+01 0.267615 0.243073 0.243073 0.0222365
197.0 40.00000 -1.14000 0.11834E+01 0.253557 0.231177 0.231177 0.0233303
197.0 40.00000 -1.14000 0.11890E+01 0.243551 0.222919 0.222919 0.0240972
197.0 40.00000 -1.14000 0.11945E+01 0.247015 0.226952 0.226952 0.0247999
197.0 40.00000 -1.14000 0.12001E+01 0.253355 0.233656 0.233656 0.0248005
197.0 40.00000 -1.14000 0.12056E+01 0.238211 0.22053 0.22053 0.0264403
197.0 40.00000 -1.14000 0.12112E+01 0.245615 0.228227 0.228227 0.0267129
197.0 40.00000 -1.14000 0.12167E+01 0.239286 0.223162 0.223162 0.0280414
197.0 40.00000 -1.14000 0.12222E+01 0.238537 0.223255 0.223255 0.028936
197.0 40.00000 -1.14000 0.12277E+01 0.242172 0.227476 0.227476 0.0296923
197.0 40.00000 -1.14000 0.12331E+01 0.230006 0.2168 0.2168 0.0316702
197.0 40.00000 -1.14000 0.12386E+01 0.22612 0.213895 0.213895 0.0333135
197.0 40.00000 -1.33000 0.12126E+01 0.235937 0.219433 0.219433 0.0281171
197.0 40.00000 -1.33000 0.12195E+01 0.232695 0.21742 0.21742 0.0271831
197.0 40.00000 -1.33000 0.12265E+01 0.230129 0.216006 0.216006 0.026153
197.0 40.00000 -1.33000 0.12335E+01 0.230282 0.217105 0.217105 0.0251024
197.0 40.00000 -1.33000 0.12404E+01 0.220382 0.208701 0.208701 0.0247572
197.0 40.00000 -1.33000 0.12473E+01 0.218775 0.208087 0.208087 0.0240783
197.0 40.00000 -1.33000 0.12542E+01 0.208317 0.199005 0.199005 0.0240594
197.0 40.00000 -1.33000 0.12610E+01 0.199336 0.191267 0.191267 0.0238133
197.0 40.00000 -1.33000 0.12679E+01 0.204633 0.197215 0.197215 0.0231656
197.0 40.00000 -1.33000 0.12747E+01 0.208838 0.202144 0.202144 0.0226197
197.0 40.00000 -1.33000 0.12815E+01 0.206961 0.201192 0.201192 0.0221241
197.0 40.00000 -1.33000 0.12883E+01 0.199565 0.194816 0.194816 0.022592
197.0 40.00000 -1.33000 0.12950E+01 0.197558 0.193651 0.193651 0.0226836
197.0 40.00000 -1.33000 0.13018E+01 0.18737 0.184412 0.184412 0.0233318
197.0 40.00000 -1.33000 0.13085E+01 0.184825 0.182661 0.182661 0.023495
197.0 40.00000 -1.33000 0.13152E+01 0.184067 0.182669 0.182669 0.0234528
197.0 40.00000 -1.33000 0.13219E+01 0.180589 0.179953 0.179953 0.0238425
197.0 40.00000 -1.33000 0.13285E+01 0.174055 0.174122 0.174122 0.0242385
197.0 40.00000 -1.33000 0.13352E+01 0.175783 0.176558 0.176558 0.0240923
197.0 40.00000 -1.33000 0.13418E+01 0.167164 0.168586 0.168586 0.0246842
197.0 40.00000 -1.33000 0.13484E+01 0.169278 0.171369 0.171369 0.0245734
197.0 40.00000 -1.33000 0.13550E+01 0.160613 0.163246 0.163246 0.0252894
197.0 40.00000 -1.33000 0.13615E+01 0.163498 0.166839 0.166839 0.0250667
197.0 40.00000 -1.33000 0.13681E+01 0.157625 0.16144 0.16144 0.0256983
197.0 40.00000 -1.33000 0.13746E+01 0.155089 0.159432 0.159432 0.0264793
197.0 40.00000 -1.33000 0.13811E+01 0.149179 0.153907 0.153907 0.0271803
197.0 40.00000 -1.33000 0.13876E+01 0.14418 0.149293 0.149293 0.0280381
197.0 40.00000 -1.33000 0.13940E+01 0.148176 0.153967 0.153967 0.0285604
197.0 40.00000 -1.33000 0.14005E+01 0.15191 0.158408 0.158408 0.0288902
197.0 40.00000 -1.33000 0.14069E+01 0.138193 0.144634 0.144634 0.0310807
197.0 40.00000 -1.33000 0.14133E+01 0.143448 0.150663 0.150663 0.0312493
197.0 40.00000 -1.33000 0.14197E+01 0.144024 0.15178 0.15178 0.0326185
197.0 40.00000 -1.33000 0.14261E+01 0.139059 0.147069 0.147069 0.0343721
197.0 40.00000 -1.33000 0.14324E+01 0.12721 0.134989 0.134989 0.0367614
197.0 40.00000 -1.33000 0.14387E+01 0.125662 0.133806 0.133806 0.0392571
197.0 40.00000 -1.33000 0.14451E+01 0.119637 0.127816 0.127816 0.0427621
197.0 40.00000 -1.56000 0.14223E+01 0.133278 0.140663 0.140663 0.01819
197.0 40.00000 -1.56000 0.14306E+01 0.134266 0.142351 0.142351 0.0177151
197.0 40.00000 -1.56000 0.14389E+01 0.118918 0.126637 0.126637 0.0180364
197.0 40.00000 -1.56000 0.14471E+01 0.124662 0.133315 0.133315 0.016741
197.0 40.00000 -1.56000 0.14553E+01 0.120481 0.129374 0.129374 0.0164705
197.0 40.00000 -1.56000 0.14635E+01 0.117648 0.126838 0.126838 0.0161215
197.0 40.00000 -1.56000 0.14716E+01 0.118481 0.128245 0.128245 0.0156446
197.0 40.00000 -1.56000 0.14797E+01 0.109397 0.118883 0.118883 0.0159276
197.0 40.00000 -1.56000 0.14878E+01 0.114293 0.124708 0.124708 0.015359
197.0 40.00000 -1.56000 0.14959E+01 0.105 0.115042 0.115042 0.0158889
197.0 40.00000 -1.56000 0.15039E+01 0.104697 0.115184 0.115184 0.0157543
197.0 40.00000 -1.56000 0.15119E+01 0.104528 0.115438 0.115438 0.0157018
197.0 40.00000 -1.56000 0.15198E+01 0.103707 0.114947 0.114947 0.0158429
197.0 40.00000 -1.56000 0.15278E+01 0.0986855 0.109746 0.109746 0.0160226
197.0 40.00000 -1.56000 0.15357E+01 0.0968461 0.108068 0.108068 0.0161798
197.0 40.00000 -1.56000 0.15435E+01 0.0904816 0.10132 0.10132 0.0168325
197.0 40.00000 -1.56000 0.15514E+01 0.0916921 0.103034 0.103034 0.0166123
197.0 40.00000 -1.56000 0.15592E+01 0.0908113 0.102438 0.102438 0.0166527
197.0 40.00000 -1.56000 0.15670E+01 0.0858621 0.0972372 0.0972372 0.0171997
197.0 40.00000 -1.56000 0.15747E+01 0.0822498 0.0934954 0.0934954 0.0175983
197.0 40.00000 -1.56000 0.15824E+01 0.0830626 0.0947278 0.0947278 0.0175623
197.0 40.00000 -1.56000 0.15901E+01 0.0790748 0.0904312 0.0904312 0.0180222
197.0 40.00000 -1.56000 0.15978E+01 0.0773777 0.0887281 0.0887281 0.0181416
197.0 40.00000 -1.56000 0.16054E+01 0.0746769 0.0858925 0.0858925 0.0186929
197.0 40.00000 -1.56000 0.16131E+01 0.0757217 0.0873758 0.0873758 0.0186967
197.0 40.00000 -1.56000 0.16206E+01 0.07423 0.0859552 0.0859552 0.0191728
197.0 40.00000 -1.56000 0.16282E+01 0.0701519 0.0815249 0.0815249 0.0201984
197.0 40.00000 -1.56000 0.16357E+01 0.0682675 0.0796049 0.0796049 0.0214098
197.0 40.00000 -1.56000 0.16432E+01 0.0665453 0.0778382 0.0778382 0.0218295
197.0 40.00000 -1.56000 0.16507E+01 0.0655722 0.0769306 0.0769306 0.0224008
197.0 40.00000 -1.56000 0.16582E+01 0.0610899 0.0718737 0.0718737 0.0244754
197.0 40.00000 -1.56000 0.16656E+01 0.0616459 0.0727318 0.0727318 0.024638
197.0 40.00000 -1.56000 0.16730E+01 0.0599533 0.070933 0.070933 0.0260813
197.0 40.00000 -1.56000 0.16803E+01 0.0610556 0.0724326 0.0724326 0.0274324
197.0 40.00000 -1.56000 0.16877E+01 0.0552592 0.0657572 0.0657572 0.0294738
197.0 40.00000 -1.56000 0.16950E+01 0.0516472 0.0616644 0.0616644 0.0330213
197.0 40.00000 -1.82000 0.16594E+01 0.0639696 0.0752961 0.0752961 0.0284449
197.0 40.00000 -1.82000 0.16693E+01 0.06166 0.0728471 0.0728471 0.0274501
197.0 40.00000 -1.82000 0.16790E+01 0.0589288 0.0698782 0.0698782 0.0267774
197.0 40.00000 -1.82000 0.16888E+01 0.057812 0.0688322 0.0688322 0.0261881
197.0 40.00000 -1.82000 0.16985E+01 0.0554635 0.0663344 0.0663344 0.0255616
197.0 40.00000 -1.82000 0.17081E+01 0.0521137 0.0626091 0.0626091 0.0254985
197.0 40.00000 -1.82000 0.17177E+01 0.0505327 0.060949 0.060949 0.0254811
197.0 40.00000 -1.82000 0.17273E+01 0.0469396 0.0568013 0.0568013 0.0253257
197.0 40.00000 -1.82000 0.17368E+01 0.0473996 0.0575507 0.0575507 0.0253325
197.0 40.00000 -1.82000 0.17462E+01 0.0456609 0.0555994 0.0555994 0.0254238
197.0 40.00000 -1.82000 0.17557E+01 0.0430769 0.0526421 0.0526421 0.0261265
197.0 40.00000 -1.82000 0.17650E+01 0.0428672 0.0526424 0.0526424 0.0259118
197.0 40.00000 -1.82000 0.17744E+01 0.0407732 0.0503527 0.0503527 0.0268126
197.0 40.00000 -1.82000 0.17836E+01 0.0381978 0.0473725 0.0473725 0.0279769
197.0 40.00000 -1.82000 0.17929E+01 0.0384081 0.0477427 0.0477427 0.0277416
197.0 40.00000 -1.82000 0.18021E+01 0.036153 0.0450207 0.0450207 0.028574
197.0 40.00000 -1.82000 0.18113E+01 0.0356402 0.0445105 0.0445105 0.0290466
197.0 40.00000 -1.82000 0.18204E+01 0.0347458 0.0436222 0.0436222 0.0292448
197.0 40.00000 -1.82000 0.18294E+01 0.0316322 0.0399625 0.0399625 0.0306738
197.0 40.00000 -1.82000 0.18385E+01 0.0311395 0.0395369 0.0395369 0.0308239
197.0 40.00000 -1.82000 0.18475E+01 0.0295504 0.037655 0.037655 0.0319098
197.0 40.00000 -1.82000 0.18564E+01 0.0279142 0.0356563 0.0356563 0.0327685
197.0 40.00000 -1.82000 0.18653E+01 0.0275001 0.0352117 0.0352117 0.0331445
197.0 40.00000 -1.82000 0.18742E+01 0.0271185 0.034831 0.034831 0.033574
197.0 40.00000 -1.82000 0.18830E+01 0.0249029 0.0321135 0.0321135 0.0355971
197.0 40.00000 -1.82000 0.18918E+01 0.023792 0.0308318 0.0308318 0.0362695
197.0 40.00000 -1.82000 0.19006E+01 0.0238714 0.0310635 0.0310635 0.0375236
197.0 40.00000 -1.82000 0.19093E+01 0.0244795 0.0319408 0.0319408 0.038091
197.0 40.00000 -1.82000 0.19180E+01 0.0222594 0.029161 0.029161 0.0410393
197.0 40.00000 -1.82000 0.19266E+01 0.0216277 0.0284813 0.0284813 0.0420689
197.0 40.00000 -1.82000 0.19352E+01 0.0202435 0.0267847 0.0267847 0.0454756
197.0 40.00000 -1.82000 0.19437E+01 0.0182661 0.0242567 0.0242567 0.050641
197.0 40.00000 -1.82000 0.19522E+01 0.0183922 0.0245242 0.0245242 0.0517831
197.0 40.00000 -1.82000 0.19607E+01 0.0173368 0.0232681 0.0232681 0.0555456
197.0 40.00000 -1.82000 0.19692E+01 0.0154414 0.0208282 0.0208282 0.0619227
197.0 40.00000 -1.82000 0.19776E+01 0.0168858 0.0228453 0.0228453 0.0620492
197.0 40.00000 -2.13000 0.19422E+01 0.0186409 0.0247402 0.0247402 0.0433464
197.0 40.00000 -2.13000 0.19540E+01 0.018931 0.0252751 0.0252751 0.0408849
197.0 40.00000 -2.13000 0.19656E+01 0.0198369 0.0267003 0.0267003 0.0380137
197.0 40.00000 -2.13000 0.19772E+01 0.0176546 0.0238834 0.0238834 0.0391856
197.0 40.00000 -2.13000 0.19888E+01 0.0169186 0.0229662 0.0229662 0.0382031
197.0 40.00000 -2.13000 0.20002E+01 0.0141681 0.0193536 0.0193536 0.0405693
197.0 40.00000 -2.13000 0.20116E+01 0.0145119 0.019982 0.019982 0.0393019
197.0 40.00000 -2.13000 0.20230E+01 0.0138832 0.0192066 0.0192066 0.0385488
197.0 40.00000 -2.13000 0.20342E+01 0.0135121 0.0186958 0.0186958 0.0389092
197.0 40.00000 -2.13000 0.20454E+01 0.0130914 0.0181382 0.0181382 0.0399513
197.0 40.00000 -2.13000 0.20565E+01 0.0116992 0.0164567 0.0164567 0.0426787
197.0 40.00000 -2.13000 0.20676E+01 0.0110214 0.0156344 0.0156344 0.0433823
197.0 40.00000 -2.13000 0.20786E+01 0.00955535 0.0136109 0.0136109 0.0478817
197.0 40.00000 -2.13000 0.20895E+01 0.00979875 0.0140008 0.0140008 0.047289
197.0 40.00000 -2.13000 0.21004E+01 0.0096527 0.0138107 0.0138107 0.0471707
197.0 40.00000 -2.13000 0.21112E+01 0.0082859 0.011874 0.011874 0.0501087
197.0 40.00000 -2.13000 0.21219E+01 0.00802182 0.0115218 0.0115218 0.0512864
197.0 40.00000 -2.13000 0.21326E+01 0.00787921 0.0113427 0.0113427 0.0524266
197.0 40.00000 -2.13000 0.21432E+01 0.00786587 0.0113442 0.0113442 0.0522127
197.0 40.00000 -2.13000 0.21537E+01 0.00656357 0.00946965 0.00946965 0.0567406
197.0 40.00000 -2.13000 0.21642E+01 0.0063405 0.00915398 0.00915398 0.0588252
197.0 40.00000 -2.13000 0.21747E+01 0.0055247 0.00799216 0.00799216 0.0621866
197.0 40.00000 -2.13000 0.21850E+01 0.00532815 0.00772336 0.00772336 0.0646701
197.0 40.00000 -2.13000 0.21953E+01 0.00473193 0.0068745 0.0068745 0.0677982
197.0 40.00000 -2.13000 0.22056E+01 0.00455682 0.00665484 0.00665484 0.0699567
197.0 40.00000 -2.13000 0.22158E+01 0.00483182 0.00714125 0.00714125 0.0681138
197.0 40.00000 -2.13000 0.22259E+01 0.00383329 0.00573057 0.00573057 0.0792108
197.0 40.00000 -2.13000 0.22360E+01 0.00399414 0.00602465 0.00602465 0.0802714
197.0 40.00000 -2.13000 0.22460E+01 0.00342163 0.00520684 0.00520684 0.0892479
197.0 40.00000 -2.13000 0.22559E+01 0.00327848 0.00502545 0.00502545 0.0926254
197.0 40.00000 -2.13000 0.22658E+01 0.00315391 0.00486331 0.00486331 0.0977323
197.0 40.00000 -2.13000 0.22757E+01 0.00345803 0.00534244 0.00534244 0.100602
197.0 40.00000 -2.13000 0.22855E+01 0.00320835 0.00492675 0.00492675 0.106215
197.0 40.00000 -2.13000 0.22952E+01 0.00278301 0.00424825 0.00424825 0.120684
197.0 40.00000 -2.13000 0.23049E+01 0.00266467 0.00407467 0.00407467 0.130424
197.0 40.00000 -2.13000 0.23145E+01 0.00216501 0.00332369 0.00332369 0.154822
197.0 40.00000 -2.48000 0.22616E+01 0.00328306 0.00505013 0.00505013 0.0311517
197.0 40.00000 -2.48000 0.22756E+01 0.00310361 0.00479489 0.00479489 0.029754
197.0 40.00000 -2.48000 0.22896E+01 0.00279194 0.00426763 0.00426763 0.0303605
197.0 40.00000 -2.48000 0.23035E+01 0.00260672 0.00398354 0.00398354 0.0294972
197.0 40.00000 -2.48000 0.23172E+01 0.0022614 0.00347518 0.00347518 0.0294504
197.0 40.00000 -2.48000 0.23308E+01 0.00217998 0.00335955 0.00335955 0.0293466
197.0 40.00000 -2.48000 0.23444E+01 0.00189493 0.00292433 0.00292433 0.032059
197.0 40.00000 -2.48000 0.23578E+01 0.001823 0.00283846 0.00283846 0.0315439
197.0 40.00000 -2.48000 0.23711E+01 0.0016291 0.00255411 0.00255411 0.0344334
197.0 40.00000 -2.48000 0.23843E+01 0.00152203 0.00239393 0.00239393 0.0363775
197.0 40.00000 -2.48000 0.23974E+01 0.00126847 0.00200522 0.00200522 0.0385469
197.0 40.00000 -2.48000 0.24104E+01 0.00133289 0.00211421 0.00211421 0.0384432
197.0 40.00000 -2.48000 0.24233E+01 0.00100582 0.00161222 0.00161222 0.0451234
197.0 40.00000 -2.48000 0.24361E+01 0.00103202 0.00166631 0.00166631 0.0425335
197.0 40.00000 -2.48000 0.24488E+01 0.000866605 0.00139917 0.00139917 0.0464691
197.0 40.00000 -2.48000 0.24615E+01 0.000775971 0.00126049 0.00126049 0.0496753
197.0 40.00000 -2.48000 0.24740E+01 0.000704039 0.00115454 0.00115454 0.0524535
197.0 40.00000 -2.48000 0.24864E+01 0.000621409 0.00102458 0.00102458 0.056574
197.0 40.00000 -2.48000 0.24987E+01 0.000624431 0.00103495 0.00103495 0.0561145
197.0 40.00000 -2.48000 0.25110E+01 0.000511824 0.000850853 0.000850853 0.0665862
197.0 40.00000 -2.48000 0.25231E+01 0.000511943 0.000853886 0.000853886 0.063643
197.0 40.00000 -2.48000 0.25352E+01 0.00043621 0.00073454 0.00073454 0.0693542
197.0 40.00000 -2.48000 0.25471E+01 0.000373376 0.00063252 0.00063252 0.0942079
197.0 40.00000 -2.48000 0.25590E+01 0.000343918 0.000582473 0.000582473 0.0855285
197.0 40.00000 -2.48000 0.25708E+01 0.000297348 0.000504703 0.000504703 0.0874322
197.0 40.00000 -2.48000 0.25825E+01 0.000315424 0.000540121 0.000540121 0.0783264
197.0 40.00000 -2.48000 0.25941E+01 0.000266695 0.000460043 0.000460043 0.0960273
197.0 40.00000 -2.48000 0.26057E+01 0.000224947 0.000387979 0.000387979 0.0957823
197.0 40.00000 -2.48000 0.26171E+01 0.000194969 0.000336094 0.000336094 0.106599
197.0 40.00000 -2.48000 0.26285E+01 0.000173039 0.00030079 0.00030079 0.140048
197.0 40.00000 -2.48000 0.26398E+01 0.000166778 0.000292463 0.000292463 0.171036
197.0 40.00000 -2.48000 0.26510E+01 0.000155261 0.00027126 0.00027126 0.133629
197.0 40.00000 -2.48000 0.26621E+01 0.000173424 0.000302653 0.000302653 0.133629
197.0 40.00000 -2.48000 0.26731E+01 0.000146149 0.00025723 0.00025723 0.202997
197.0 40.00000 -2.48000 0.26841E+01 0.000114692 0.000203146 0.000203146 0.259751
197.0 40.00000 -2.48000 0.26950E+01 7.57973e-05 0.000133729 0.000133729 0.242538
197.0 40.00000 -2.90000 0.26450E+01 0.000170324 0.000298306 0.000298306 0.118323
197.0 40.00000 -2.90000 0.26621E+01 0.000149042 0.000260141 0.000260141 0.111804
197.0 40.00000 -2.90000 0.26791E+01 0.00011252 0.000199192 0.000199192 0.133337
197.0 40.00000 -2.90000 0.26960E+01 0.000100967 0.000178035 0.000178035 0.126958
197.0 40.00000 -2.90000 0.27126E+01 8.86062e-05 0.000156678 0.000156678 0.130273
197.0 40.00000 -2.90000 0.27291E+01 7.89113e-05 0.000140088 0.000140088 0.130189
197.0 40.00000 -2.90000 0.27453E+01 5.83258e-05 0.000101605 0.000101605 0.173767
197.0 40.00000 -2.90000 0.27614E+01 4.39595e-05 7.72545e-05 7.72545e-05 0.207377
197.0 40.00000 -2.90000 0.27774E+01 3.0905e-05 5.443e-05 5.443e-05 0.263961
197.0 40.00000 -2.90000 0.27931E+01 3.30327e-05 5.80426e-05 5.80426e-05 0.221044
197.0 40.00000 -2.90000 0.28087E+01 3.22506e-05 5.72584e-05 5.72584e-05 0.242298
197.0 40.00000 -2.90000 0.28242E+01 2.33797e-05 4.1494e-05 4.1494e-05 0.242533
197.0 40.00000 -2.90000 0.28395E+01 1.83807e-05 3.25451e-05 3.25451e-05 0.324345
197.0 40.00000 -2.90000 0.28546E+01 2.13053e-05 3.80289e-05 3.80289e-05 0.291193
197.0 40.00000 -2.90000 0.28695E+01 1.68042e-05 3.00376e-05 3.00376e-05 0.288667
197.0 40.00000 -2.90000 0.28843E+01 1.64912e-05 2.93919e-05 2.93919e-05 0.392088
197.0 40.00000 -2.90000 0.28990E+01 7.63862e-06 1.37402e-05 1.37402e-05 0.591912
197.0 40.00000 -2.90000 0.29135E+01 1.01065e-05 1.81922e-05 1.81922e-05 0.377951
197.0 40.00000 -2.90000 0.29279E+01 9.6637e-06 1.7374e-05 1.7374e-05 0.599777
197.0 40.00000 -2.90000 0.29421E+01 2.56505e-06 4.64609e-06 4.64609e-06 1.73116
197.0 40.00000 -2.90000 0.29562E+01 2.98933e-06 5.42907e-06 5.42907e-06 0.707111
197.0 40.00000 -2.90000 0.29701E+01 4.4973e-06 8.16319e-06 8.16319e-06 0.577361
197.0 40.00000 -2.90000 0.29839E+01 4.52964e-06 8.25919e-06 8.25919e-06 0.577361
197.0 40.00000 -2.90000 0.29976E+01 1.53448e-06 2.81838e-06 2.81838e-06 1
197.0 40.00000 -2.90000 0.30111E+01 3.08935e-06 5.674e-06 5.674e-06 0.707111
197.0 40.00000 -2.90000 0.30245E+01 3.13581e-06 5.76912e-06 5.76912e-06 0.707111
197.0 40.00000 -2.90000 0.30378E+01 3.18621e-06 5.91518e-06 5.91518e-06 0.707111
197.0 40.00000 -2.90000 0.30509E+01 1.63422e-06 3.04108e-06 3.04108e-06 1
197.0 40.00000 -2.90000 0.30640E+01 5.32105e-07 9.89628e-07 9.89628e-07 7.19334
197.0 40.00000 -2.90000 0.30769E+01 1.89411e-06 3.54873e-06 3.54873e-06 1
197.0 40.00000 -2.90000 0.31023E+01 2.25498e-06 4.24876e-06 4.24876e-06 1
197.0 50.00000 -0.86000 0.78401E+00 0.197369 0.151346 0.151346 0.0589288
197.0 50.00000 -0.86000 0.78844E+00 0.183773 0.141729 0.141729 0.0587506
197.0 50.00000 -0.86000 0.79285E+00 0.185683 0.144035 0.144035 0.0547939
197.0 50.00000 -0.86000 0.79726E+00 0.178272 0.139068 0.139068 0.0544236
197.0 50.00000 -0.86000 0.80167E+00 0.165771 0.130052 0.130052 0.055064
197.0 50.00000 -0.86000 0.80606E+00 0.155059 0.122329 0.122329 0.0552512
197.0 50.00000 -0.86000 0.81045E+00 0.149508 0.118619 0.118619 0.0546004
197.0 50.00000 -0.86000 0.81482E+00 0.168847 0.134713 0.134713 0.0489086
197.0 50.00000 -0.86000 0.81920E+00 0.172371 0.138278 0.138278 0.0475996
197.0 50.00000 -0.86000 0.82356E+00 0.159085 0.128315 0.128315 0.0493518
197.0 50.00000 -0.86000 0.82791E+00 0.148878 0.120733 0.120733 0.0516566
197.0 50.00000 -0.86000 0.83226E+00 0.164095 0.13379 0.13379 0.0478311
197.0 50.00000 -0.86000 0.83660E+00 0.1473 0.120721 0.120721 0.0508174
197.0 50.00000 -0.86000 0.84093E+00 0.147658 0.121646 0.121646 0.0505843
197.0 50.00000 -0.86000 0.84526E+00 0.150376 0.12453 0.12453 0.0497906
197.0 50.00000 -0.86000 0.84958E+00 0.15203 0.126553 0.126553 0.0488379
197.0 50.00000 -0.86000 0.85388E+00 0.144899 0.121238 0.121238 0.0505589
197.0 50.00000 -0.86000 0.85819E+00 0.141062 0.118636 0.118636 0.0510388
197.0 50.00000 -0.86000 0.86248E+00 0.14305 0.120925 0.120925 0.0503798
197.0 50.00000 -0.86000 0.86677E+00 0.148055 0.1258 0.1258 0.0480348
197.0 50.00000 -0.86000 0.87105E+00 0.134558 0.114918 0.114918 0.0515362
197.0 50.00000 -0.86000 0.87532E+00 0.129942 0.111544 0.111544 0.052534
197.0 50.00000 -0.86000 0.87958E+00 0.136241 0.117538 0.117538 0.0500938
197.0 50.00000 -0.86000 0.88384E+00 0.143764 0.124659 0.124659 0.0480829
197.0 50.00000 -0.86000 0.88809E+00 0.133385 0.116221 0.116221 0.0503099
197.0 50.00000 -0.86000 0.89233E+00 0.128419 0.112442 0.112442 0.0523873
197.0 50.00000 -0.86000 0.89657E+00 0.130947 0.1152 0.1152 0.0521937
197.0 50.00000 -0.86000 0.90080E+00 0.13256 0.117165 0.117165 0.0531556
197.0 50.00000 -0.86000 0.90502E+00 0.113555 0.100835 0.100835 0.0602186
197.0 50.00000 -0.86000 0.90923E+00 0.116826 0.10424 0.10424 0.0600131
197.0 50.00000 -0.86000 0.91344E+00 0.127577 0.114378 0.114378 0.0589329
197.0 50.00000 -0.86000 0.91763E+00 0.103573 0.0933002 0.0933002 0.069217
197.0 50.00000 -0.86000 0.92183E+00 0.109381 0.0989961 0.0989961 0.0684867
197.0 50.00000 -0.86000 0.92601E+00 0.0984021 0.0894836 0.0894836 0.0771246
197.0 50.00000 -0.86000 0.93019E+00 0.110063 0.100556 0.100556 0.073736
197.0 50.00000 -0.86000 0.93436E+00 0.0991662 0.0910227 0.0910227 0.0844105
197.0 50.00000 -1.00000 0.91166E+00 0.108824 0.097371 0.097371 0.0518983
197.0 50.00000 -1.00000 0.91683E+00 0.105918 0.0953242 0.0953242 0.0506475
197.0 50.00000 -1.00000 0.92200E+00 0.107691 0.0974929 0.0974929 0.0466007
197.0 50.00000 -1.00000 0.92715E+00 0.106728 0.0971758 0.0971758 0.0449922
197.0 50.00000 -1.00000 0.93229E+00 0.102646 0.0940042 0.0940042 0.0441951
197.0 50.00000 -1.00000 0.93743E+00 0.106779 0.0983291 0.0983291 0.0416062
197.0 50.00000 -1.00000 0.94255E+00 0.094804 0.0877735 0.0877735 0.0434939
197.0 50.00000 -1.00000 0.94766E+00 0.0955698 0.0889568 0.0889568 0.0420437
197.0 50.00000 -1.00000 0.95276E+00 0.106146 0.0993285 0.0993285 0.0383957
197.0 50.00000 -1.00000 0.95785E+00 0.100369 0.094422 0.094422 0.0394548
197.0 50.00000 -1.00000 0.96292E+00 0.089265 0.0844086 0.0844086 0.0425123
197.0 50.00000 -1.00000 0.96799E+00 0.0867167 0.0824228 0.0824228 0.0429563
197.0 50.00000 -1.00000 0.97305E+00 0.0865522 0.0826873 0.0826873 0.0428885
197.0 50.00000 -1.00000 0.97809E+00 0.083223 0.0799157 0.0799157 0.0436089
197.0 50.00000 -1.00000 0.98313E+00 0.083755 0.0808294 0.0808294 0.0430754
197.0 50.00000 -1.00000 0.98815E+00 0.0853681 0.082793 0.082793 0.0424204
197.0 50.00000 -1.00000 0.99317E+00 0.0842009 0.0820515 0.0820515 0.0422073
197.0 50.00000 -1.00000 0.99817E+00 0.0801535 0.0784851 0.0784851 0.0437732
197.0 50.00000 -1.00000 0.10032E+01 0.0798448 0.0785504 0.0785504 0.0434577
197.0 50.00000 -1.00000 0.10081E+01 0.074297 0.073434 0.073434 0.0452072
197.0 50.00000 -1.00000 0.10131E+01 0.0826376 0.0820474 0.0820474 0.0417573
197.0 50.00000 -1.00000 0.10181E+01 0.0689287 0.0687314 0.0687314 0.0469291
197.0 50.00000 -1.00000 0.10230E+01 0.0743334 0.0744419 0.0744419 0.04435
197.0 50.00000 -1.00000 0.10280E+01 0.0749837 0.0754177 0.0754177 0.0438522
197.0 50.00000 -1.00000 0.10329E+01 0.0753699 0.076131 0.076131 0.0435103
197.0 50.00000 -1.00000 0.10378E+01 0.0654454 0.0663829 0.0663829 0.04843
197.0 50.00000 -1.00000 0.10427E+01 0.0670842 0.068327 0.068327 0.0475436
197.0 50.00000 -1.00000 0.10476E+01 0.0612579 0.0626484 0.0626484 0.051681
197.0 50.00000 -1.00000 0.10525E+01 0.0660828 0.0678566 0.0678566 0.0499408
197.0 50.00000 -1.00000 0.10574E+01 0.0599724 0.0618355 0.0618355 0.0541197
197.0 50.00000 -1.00000 0.10623E+01 0.0615599 0.0637312 0.0637312 0.0557206
197.0 50.00000 -1.00000 0.10671E+01 0.0561951 0.0584041 0.0584041 0.0600453
197.0 50.00000 -1.00000 0.10720E+01 0.0580291 0.0605411 0.0605411 0.0619813
197.0 50.00000 -1.00000 0.10768E+01 0.0539379 0.0564777 0.0564777 0.0675864
197.0 50.00000 -1.00000 0.10817E+01 0.0594543 0.0624695 0.0624695 0.0663212
197.0 50.00000 -1.00000 0.10865E+01 0.063599 0.0670539 0.0670539 0.0668114
197.0 50.00000 -1.17000 0.10667E+01 0.0608097 0.0631799 0.0631799 0.0443111
197.0 50.00000 -1.17000 0.10728E+01 0.0584543 0.0610224 0.0610224 0.0425788
197.0 50.00000 -1.17000 0.10789E+01 0.0526376 0.0551977 0.0551977 0.0425292
197.0 50.00000 -1.17000 0.10849E+01 0.0539258 0.056789 0.056789 0.040895
197.0 50.00000 -1.17000 0.10910E+01 0.0527551 0.0558007 0.0558007 0.0387162
197.0 50.00000 -1.17000 0.10970E+01 0.0509494 0.0541333 0.0541333 0.0392114
197.0 50.00000 -1.17000 0.11030E+01 0.0465959 0.0497355 0.0497355 0.0403554
197.0 50.00000 -1.17000 0.11090E+01 0.0489838 0.0525257 0.0525257 0.037266
197.0 50.00000 -1.17000 0.11150E+01 0.0484264 0.0521696 0.0521696 0.0369224
197.0 50.00000 -1.17000 0.11210E+01 0.047732 0.0516296 0.0516296 0.0372124
197.0 50.00000 -1.17000 0.11270E+01 0.0468272 0.0508465 0.0508465 0.0377362
197.0 50.00000 -1.17000 0.11329E+01 0.0467381 0.0509358 0.0509358 0.0374884
197.0 50.00000 -1.17000 0.11389E+01 0.0463353 0.0506859 0.0506859 0.0374418
197.0 50.00000 -1.17000 0.11448E+01 0.0445965 0.048966 0.048966 0.0378063
197.0 50.00000 -1.17000 0.11507E+01 0.0413607 0.0456036 0.0456036 0.0396752
197.0 50.00000 -1.17000 0.11566E+01 0.0369946 0.0409561 0.0409561 0.042831
197.0 50.00000 -1.17000 0.11624E+01 0.0375254 0.0417284 0.0417284 0.0416297
197.0 50.00000 -1.17000 0.11683E+01 0.0371278 0.0414536 0.0414536 0.0421152
197.0 50.00000 -1.17000 0.11741E+01 0.0387422 0.0434188 0.0434188 0.0405209
197.0 50.00000 -1.17000 0.11799E+01 0.0340868 0.038316 0.038316 0.0432882
197.0 50.00000 -1.17000 0.11858E+01 0.035428 0.0399467 0.0399467 0.0419727
197.0 50.00000 -1.17000 0.11916E+01 0.0344393 0.0389589 0.0389589 0.0431134
197.0 50.00000 -1.17000 0.11973E+01 0.0310181 0.0352094 0.0352094 0.0460867
197.0 50.00000 -1.17000 0.12031E+01 0.0319674 0.036425 0.036425 0.0442957
197.0 50.00000 -1.17000 0.12089E+01 0.0296262 0.0338916 0.0338916 0.045949
197.0 50.00000 -1.17000 0.12146E+01 0.0310565 0.0356689 0.0356689 0.0445664
197.0 50.00000 -1.17000 0.12203E+01 0.0310784 0.0358121 0.0358121 0.0447697
197.0 50.00000 -1.17000 0.12260E+01 0.0290074 0.0335328 0.0335328 0.0492007
197.0 50.00000 -1.17000 0.12317E+01 0.0297791 0.0345222 0.0345222 0.0481402
197.0 50.00000 -1.17000 0.12374E+01 0.0279759 0.0325354 0.0325354 0.0526063
197.0 50.00000 -1.17000 0.12431E+01 0.0278016 0.0324415 0.0324415 0.0536148
197.0 50.00000 -1.17000 0.12487E+01 0.0251845 0.0294837 0.0294837 0.0593733
197.0 50.00000 -1.17000 0.12544E+01 0.0251788 0.029576 0.029576 0.060195
197.0 50.00000 -1.17000 0.12600E+01 0.0250869 0.0295556 0.0295556 0.0640129
197.0 50.00000 -1.17000 0.12656E+01 0.0245567 0.0290221 0.0290221 0.0681706
197.0 50.00000 -1.17000 0.12712E+01 0.0254109 0.0301426 0.0301426 0.0702949
197.0 50.00000 -1.36000 0.12399E+01 0.0248202 0.0289085 0.0289085 0.0646261
197.0 50.00000 -1.36000 0.12471E+01 0.0251823 0.029451 0.029451 0.0604637
197.0 50.00000 -1.36000 0.12542E+01 0.0263545 0.0309541 0.0309541 0.0541586
197.0 50.00000 -1.36000 0.12613E+01 0.022039 0.025984 0.025984 0.0592523
197.0 50.00000 -1.36000 0.12684E+01 0.0232689 0.027551 0.027551 0.0538043
197.0 50.00000 -1.36000 0.12755E+01 0.0242747 0.0288744 0.0288744 0.0511403
197.0 50.00000 -1.36000 0.12825E+01 0.0206109 0.024618 0.024618 0.0548859
197.0 50.00000 -1.36000 0.12896E+01 0.0207057 0.0248265 0.0248265 0.0530726
197.0 50.00000 -1.36000 0.12966E+01 0.0190989 0.0229859 0.0229859 0.055217
197.0 50.00000 -1.36000 0.13035E+01 0.0190623 0.0230255 0.0230255 0.0561372
197.0 50.00000 -1.36000 0.13105E+01 0.0192622 0.0233389 0.0233389 0.0544928
197.0 50.00000 -1.36000 0.13174E+01 0.0189708 0.0230693 0.0230693 0.0549932
197.0 50.00000 -1.36000 0.13243E+01 0.0174062 0.0212586 0.0212586 0.0571814
197.0 50.00000 -1.36000 0.13312E+01 0.0152922 0.0187866 0.0187866 0.0619057
197.0 50.00000 -1.36000 0.13381E+01 0.0152209 0.0187866 0.0187866 0.0619113
197.0 50.00000 -1.36000 0.13450E+01 0.0168838 0.0209062 0.0209062 0.0562397
197.0 50.00000 -1.36000 0.13518E+01 0.0136477 0.0169213 0.0169213 0.0654734
197.0 50.00000 -1.36000 0.13586E+01 0.0160115 0.019912 0.019912 0.0579516
197.0 50.00000 -1.36000 0.13654E+01 0.014856 0.0185523 0.0185523 0.0601591
197.0 50.00000 -1.36000 0.13722E+01 0.0139803 0.0175679 0.0175679 0.0618677
197.0 50.00000 -1.36000 0.13789E+01 0.0123255 0.0155724 0.0155724 0.0702372
197.0 50.00000 -1.36000 0.13856E+01 0.0123164 0.0156325 0.0156325 0.0687927
197.0 50.00000 -1.36000 0.13923E+01 0.0101996 0.0129831 0.0129831 0.0763101
197.0 50.00000 -1.36000 0.13990E+01 0.0105671 0.0134895 0.0134895 0.0746039
197.0 50.00000 -1.36000 0.14057E+01 0.0104281 0.0133537 0.0133537 0.0743144
197.0 50.00000 -1.36000 0.14123E+01 0.0111098 0.014289 0.014289 0.0714695
197.0 50.00000 -1.36000 0.14189E+01 0.00998729 0.0129174 0.0129174 0.0768928
197.0 50.00000 -1.36000 0.14255E+01 0.0107617 0.0139971 0.0139971 0.0743395
197.0 50.00000 -1.36000 0.14321E+01 0.00814671 0.0106343 0.0106343 0.09036
197.0 50.00000 -1.36000 0.14387E+01 0.00880767 0.0115162 0.0115162 0.0881662
197.0 50.00000 -1.36000 0.14452E+01 0.00790816 0.0103516 0.0103516 0.0975318
197.0 50.00000 -1.36000 0.14518E+01 0.00849512 0.0111578 0.0111578 0.0961534
197.0 50.00000 -1.36000 0.14583E+01 0.00807617 0.0106586 0.0106586 0.105667
197.0 50.00000 -1.36000 0.14648E+01 0.00978374 0.0129857 0.0129857 0.0959654
197.0 50.00000 -1.36000 0.14712E+01 0.00790584 0.0105463 0.0105463 0.116096
197.0 50.00000 -1.36000 0.14777E+01 0.00694176 0.0093119 0.0093119 0.129573
197.0 50.00000 -1.59000 0.14497E+01 0.00820773 0.0107684 0.0107684 0.0708461
197.0 50.00000 -1.59000 0.14581E+01 0.00849333 0.0112072 0.0112072 0.0653538
197.0 50.00000 -1.59000 0.14666E+01 0.00714378 0.00949557 0.00949557 0.0681534
197.0 50.00000 -1.59000 0.14750E+01 0.00703638 0.00941539 0.00941539 0.0671644
197.0 50.00000 -1.59000 0.14833E+01 0.00665367 0.0089729 0.0089729 0.0641106
197.0 50.00000 -1.59000 0.14917E+01 0.00690907 0.00937771 0.00937771 0.0608956
197.0 50.00000 -1.59000 0.15000E+01 0.00567741 0.00774763 0.00774763 0.0680169
197.0 50.00000 -1.59000 0.15083E+01 0.0061139 0.00839122 0.00839122 0.0630211
197.0 50.00000 -1.59000 0.15165E+01 0.00420565 0.00581495 0.00581495 0.0811621
197.0 50.00000 -1.59000 0.15247E+01 0.0047067 0.00657078 0.00657078 0.0728879
197.0 50.00000 -1.59000 0.15329E+01 0.00483921 0.00682475 0.00682475 0.0703745
197.0 50.00000 -1.59000 0.15411E+01 0.00445504 0.00628759 0.00628759 0.0753564
197.0 50.00000 -1.59000 0.15492E+01 0.00402157 0.00564753 0.00564753 0.0792022
197.0 50.00000 -1.59000 0.15573E+01 0.00397865 0.0055746 0.0055746 0.0797176
197.0 50.00000 -1.59000 0.15653E+01 0.0040128 0.00567122 0.00567122 0.0818779
197.0 50.00000 -1.59000 0.15733E+01 0.00355453 0.00508715 0.00508715 0.0871843
197.0 50.00000 -1.59000 0.15813E+01 0.00389548 0.00558104 0.00558104 0.0799643
197.0 50.00000 -1.59000 0.15893E+01 0.00350976 0.00503549 0.00503549 0.0837208
197.0 50.00000 -1.59000 0.15972E+01 0.00303427 0.0043612 0.0043612 0.0899867
197.0 50.00000 -1.59000 0.16051E+01 0.00314118 0.00451757 0.00451757 0.0869793
197.0 50.00000 -1.59000 0.16130E+01 0.00252703 0.00364016 0.00364016 0.0987545
197.0 50.00000 -1.59000 0.16208E+01 0.00228202 0.00329527 0.00329527 0.111333
197.0 50.00000 -1.59000 0.16287E+01 0.00203019 0.00293872 0.00293872 0.113297
197.0 50.00000 -1.59000 0.16364E+01 0.00256615 0.00372052 0.00372052 0.0993282
197.0 50.00000 -1.59000 0.16442E+01 0.00263057 0.00381404 0.00381404 0.0948598
197.0 50.00000 -1.59000 0.16519E+01 0.00182726 0.00265163 0.00265163 0.116087
197.0 50.00000 -1.59000 0.16596E+01 0.00233574 0.00340554 0.00340554 0.101222
197.0 50.00000 -1.59000 0.16673E+01 0.00139561 0.00205546 0.00205546 0.158488
197.0 50.00000 -1.59000 0.16749E+01 0.00200397 0.00299756 0.00299756 0.120127
197.0 50.00000 -1.59000 0.16825E+01 0.00132948 0.00201253 0.00201253 0.149148
197.0 50.00000 -1.59000 0.16901E+01 0.00140299 0.00214298 0.00214298 0.165957
197.0 50.00000 -1.59000 0.16977E+01 0.00155908 0.00239892 0.00239892 0.152683
197.0 50.00000 -1.59000 0.17052E+01 0.00157691 0.00244176 0.00244176 0.159001
197.0 50.00000 -1.59000 0.17127E+01 0.00117712 0.00183343 0.00183343 0.187857
197.0 50.00000 -1.59000 0.17202E+01 0.000791471 0.00124151 0.00124151 0.263534
197.0 50.00000 -1.59000 0.17276E+01 0.000884928 0.00139043 0.00139043 0.265453
