9.0 18.00000 -3.74000 0.34129E+01 0.1775 0.195685 0.195685 0.00548262
9.0 18.00000 -3.74000 0.34384E+01 0.17499 0.193905 0.193905 0.00531955
9.0 18.00000 -3.74000 0.34634E+01 0.173265 0.192858 0.192858 0.00517622
9.0 18.00000 -3.74000 0.34879E+01 0.168337 0.188288 0.188288 0.00509482
9.0 18.00000 -3.74000 0.35118E+01 0.164746 0.185081 0.185081 0.00502434
9.0 18.00000 -3.74000 0.35352E+01 0.16155 0.182331 0.182331 0.0049818
9.0 18.00000 -3.74000 0.35582E+01 0.154888 0.175665 0.175665 0.00498125
9.0 18.00000 -3.74000 0.35807E+01 0.151881 0.172932 0.172932 0.00496808
9.0 18.00000 -3.74000 0.36027E+01 0.150327 0.171894 0.171894 0.00496203
9.0 18.00000 -3.74000 0.36243E+01 0.143087 0.164359 0.164359 0.0050363
9.0 18.00000 -3.74000 0.36455E+01 0.138022 0.159128 0.159128 0.00514679
9.0 18.00000 -3.74000 0.36663E+01 0.136655 0.158111 0.158111 0.00524405
9.0 18.00000 -3.74000 0.36866E+01 0.130564 0.151761 0.151761 0.0053973
9.0 18.00000 -3.74000 0.37066E+01 0.129028 0.150465 0.150465 0.00548833
9.0 18.00000 -3.74000 0.37262E+01 0.122696 0.143581 0.143581 0.00564123
9.0 18.00000 -3.74000 0.37454E+01 0.11947 0.140415 0.140415 0.00577035
9.0 18.00000 -3.74000 0.37642E+01 0.115812 0.136594 0.136594 0.00593592
9.0 18.00000 -3.74000 0.37827E+01 0.111905 0.132438 0.132438 0.00609203
9.0 18.00000 -3.74000 0.38009E+01 0.110445 0.130973 0.130973 0.00621439
9.0 18.00000 -3.74000 0.38187E+01 0.10509 0.125048 0.125048 0.00638956
9.0 18.00000 -3.74000 0.38363E+01 0.102647 0.122564 0.122564 0.00655245
9.0 18.00000 -3.74000 0.38535E+01 0.100228 0.120045 0.120045 0.00672345
9.0 18.00000 -3.74000 0.38704E+01 0.0966382 0.116095 0.116095 0.00696584
9.0 18.00000 -3.74000 0.38870E+01 0.0925121 0.111388 0.111388 0.00726488
9.0 18.00000 -3.74000 0.39033E+01 0.0902424 0.108931 0.108931 0.00759209
9.0 18.00000 -3.74000 0.39193E+01 0.0840052 0.101612 0.101612 0.0079882
9.0 18.00000 -3.74000 0.39351E+01 0.0838269 0.10156 0.10156 0.0082937
9.0 18.00000 -3.74000 0.39506E+01 0.0807376 0.0980147 0.0980147 0.00869349
9.0 18.00000 -3.74000 0.39658E+01 0.07812 0.0949952 0.0949952 0.00914647
9.0 18.00000 -3.74000 0.39808E+01 0.0755429 0.0920296 0.0920296 0.00965612
9.0 18.00000 -3.74000 0.39955E+01 0.0725253 0.0885224 0.0885224 0.0102171
9.0 18.00000 -3.74000 0.40100E+01 0.0699102 0.0854552 0.0854552 0.0108875
9.0 18.00000 -3.74000 0.40243E+01 0.0696636 0.0852796 0.0852796 0.011371
9.0 18.00000 -3.74000 0.40383E+01 0.0654758 0.0802975 0.0802975 0.0122032
9.0 18.00000 -3.74000 0.40521E+01 0.0661902 0.0813115 0.0813115 0.0128374
9.0 18.00000 -3.74000 0.40657E+01 0.0626453 0.0771244 0.0771244 0.0137817
9.0 18.00000 -4.37000 0.39918E+01 0.0729539 0.0890177 0.0890177 0.00448688
9.0 18.00000 -4.37000 0.40291E+01 0.0674032 0.0825598 0.0825598 0.00438617
9.0 18.00000 -4.37000 0.40648E+01 0.0618495 0.0761322 0.0761322 0.00438737
9.0 18.00000 -4.37000 0.40990E+01 0.0571775 0.070714 0.070714 0.00445586
9.0 18.00000 -4.37000 0.41319E+01 0.0538527 0.0669126 0.0669126 0.00451443
9.0 18.00000 -4.37000 0.41635E+01 0.0495619 0.0618585 0.0618585 0.00465777
9.0 18.00000 -4.37000 0.41940E+01 0.0469847 0.0588939 0.0588939 0.00485332
9.0 18.00000 -4.37000 0.42233E+01 0.0434244 0.0543942 0.0543942 0.0051288
9.0 18.00000 -4.37000 0.42515E+01 0.0402438 0.050379 0.050379 0.00541243
9.0 18.00000 -4.37000 0.42787E+01 0.0372811 0.0467925 0.0467925 0.00570932
9.0 18.00000 -4.37000 0.43049E+01 0.035151 0.0443509 0.0443509 0.00597275
9.0 18.00000 -4.37000 0.43303E+01 0.0329416 0.041997 0.041997 0.00629304
9.0 18.00000 -4.37000 0.43548E+01 0.0305313 0.0395774 0.0395774 0.00660783
9.0 18.00000 -4.37000 0.43784E+01 0.0282254 0.0371072 0.0371072 0.00698758
9.0 18.00000 -4.37000 0.44013E+01 0.0263746 0.0351728 0.0351728 0.00733964
9.0 18.00000 -4.37000 0.44234E+01 0.0242593 0.0328339 0.0328339 0.00775065
9.0 18.00000 -4.37000 0.44448E+01 0.022165 0.0304127 0.0304127 0.0082261
9.0 18.00000 -4.37000 0.44656E+01 0.020469 0.0284527 0.0284527 0.00867209
9.0 18.00000 -4.37000 0.44857E+01 0.0188497 0.026512 0.026512 0.00923244
9.0 18.00000 -4.37000 0.45052E+01 0.0170229 0.0241834 0.0241834 0.00985059
9.0 18.00000 -4.37000 0.45241E+01 0.0149251 0.0213912 0.0213912 0.0106794
9.0 18.00000 -4.37000 0.45425E+01 0.0133244 0.0192531 0.0192531 0.0114641
9.0 18.00000 -4.37000 0.45603E+01 0.0116943 0.0170135 0.0170135 0.0123965
9.0 18.00000 -4.37000 0.45776E+01 0.0103496 0.0151517 0.0151517 0.0134245
9.0 18.00000 -4.37000 0.45944E+01 0.00881316 0.0129742 0.0129742 0.0146895
9.0 18.00000 -4.37000 0.46108E+01 0.00739274 0.0109348 0.0109348 0.0163429
9.0 18.00000 -4.37000 0.46267E+01 0.00674006 0.0100078 0.0100078 0.0179377
9.0 18.00000 -4.37000 0.46421E+01 0.00587811 0.00875901 0.00875901 0.0200166
9.0 18.00000 -4.37000 0.46572E+01 0.00485756 0.00725785 0.00725785 0.0231314
9.0 18.00000 -4.37000 0.46718E+01 0.00419146 0.00627611 0.00627611 0.0263976
9.0 18.00000 -4.37000 0.46861E+01 0.00375081 0.00562672 0.00562672 0.0293617
9.0 18.00000 -4.37000 0.47000E+01 0.00312035 0.00469005 0.00469005 0.0343208
9.0 18.00000 -4.37000 0.47136E+01 0.00273743 0.00412085 0.00412085 0.0388065
9.0 18.00000 -4.37000 0.47268E+01 0.00239555 0.00361152 0.00361152 0.0437679
9.0 18.00000 -4.37000 0.47397E+01 0.00201525 0.00304226 0.00304226 0.0517099
9.0 18.00000 -4.37000 0.47522E+01 0.00190283 0.00287618 0.00287618 0.0571653
9.0 18.00000 -5.10000 0.46829E+01 0.00359772 0.00539398 0.00539398 0.00208115
9.0 18.00000 -5.10000 0.47656E+01 0.00143792 0.00217621 0.00217621 0.00309836
9.0 18.00000 -5.10000 0.48366E+01 0.000672075 0.00102529 0.00102529 0.00479781
9.0 18.00000 -5.10000 0.48982E+01 0.000343743 0.000529187 0.000529187 0.00721277
9.0 18.00000 -5.10000 0.49521E+01 0.000184174 0.000286554 0.000286554 0.0104056
9.0 18.00000 -5.10000 0.49997E+01 9.98926e-05 0.00015686 0.00015686 0.0149821
9.0 18.00000 -5.10000 0.50420E+01 5.77995e-05 9.17228e-05 9.17228e-05 0.0206243
9.0 18.00000 -5.10000 0.50800E+01 3.03757e-05 4.87185e-05 4.87185e-05 0.0296164
9.0 18.00000 -5.10000 0.51141E+01 1.78038e-05 2.88343e-05 2.88343e-05 0.0404887
9.0 18.00000 -5.10000 0.51450E+01 1.0487e-05 1.71402e-05 1.71402e-05 0.0547995
9.0 18.00000 -5.10000 0.51731E+01 5.85385e-06 9.64999e-06 9.64999e-06 0.0755944
9.0 18.00000 -5.10000 0.51988E+01 3.42923e-06 5.69784e-06 5.69784e-06 0.103137
9.0 18.00000 -5.10000 0.52223E+01 1.77423e-06 2.9698e-06 2.9698e-06 0.145865
9.0 18.00000 -5.10000 0.52440E+01 7.31229e-07 1.23258e-06 1.23258e-06 0.235705
9.0 18.00000 -5.10000 0.52640E+01 5.9828e-07 1.015e-06 1.015e-06 0.26726
9.0 18.00000 -5.10000 0.52825E+01 3.58726e-07 6.12419e-07 6.12419e-07 0.353551
9.0 18.00000 -5.10000 0.52997E+01 2.37638e-07 4.08026e-07 4.08026e-07 0.447215
9.0 18.00000 -5.10000 0.53157E+01 1.49008e-07 2.5728e-07 2.5728e-07 0.57734
9.0 18.00000 -5.10000 0.53307E+01 1.01301e-07 1.75831e-07 1.75831e-07 0.707131
9.0 18.00000 -5.10000 0.53818E+01 5.83396e-08 1.03193e-07 1.03193e-07 1
9.0 22.00000 -3.44000 0.31384E+01 0.0478597 0.0541591 0.0541591 0.00393182
9.0 22.00000 -3.44000 0.31604E+01 0.0469858 0.0533781 0.0533781 0.00379728
9.0 22.00000 -3.44000 0.31821E+01 0.0457436 0.0521818 0.0521818 0.00372694
9.0 22.00000 -3.44000 0.32035E+01 0.044024 0.0504862 0.0504862 0.00367545
9.0 22.00000 -3.44000 0.32245E+01 0.042568 0.0490183 0.0490183 0.00363032
9.0 22.00000 -3.44000 0.32451E+01 0.0415604 0.0480194 0.0480194 0.00359722
9.0 22.00000 -3.44000 0.32654E+01 0.0394014 0.0457263 0.0457263 0.00360889
9.0 22.00000 -3.44000 0.32854E+01 0.0376924 0.0439337 0.0439337 0.00361416
9.0 22.00000 -3.44000 0.33051E+01 0.036087 0.0422085 0.0422085 0.00363834
9.0 22.00000 -3.44000 0.33245E+01 0.0343013 0.0402512 0.0402512 0.00371482
9.0 22.00000 -3.44000 0.33435E+01 0.033324 0.039281 0.039281 0.00380221
9.0 22.00000 -3.44000 0.33623E+01 0.0317465 0.037568 0.037568 0.00390937
9.0 22.00000 -3.44000 0.33808E+01 0.0308797 0.0366792 0.0366792 0.00401981
9.0 22.00000 -3.44000 0.33990E+01 0.0294942 0.0351435 0.0351435 0.004132
9.0 22.00000 -3.44000 0.34169E+01 0.0281073 0.033584 0.033584 0.00425662
9.0 22.00000 -3.44000 0.34345E+01 0.0270189 0.0323963 0.0323963 0.00437519
9.0 22.00000 -3.44000 0.34519E+01 0.0259521 0.0312343 0.0312343 0.00451354
9.0 22.00000 -3.44000 0.34691E+01 0.0247426 0.0299123 0.0299123 0.00463968
9.0 22.00000 -3.44000 0.34859E+01 0.0237266 0.0287239 0.0287239 0.00476785
9.0 22.00000 -3.44000 0.35026E+01 0.0226845 0.0275412 0.0275412 0.00492515
9.0 22.00000 -3.44000 0.35190E+01 0.0213201 0.02596 0.02596 0.00508366
9.0 22.00000 -3.44000 0.35351E+01 0.0207206 0.0252878 0.0252878 0.00520038
9.0 22.00000 -3.44000 0.35510E+01 0.0198006 0.0242139 0.0242139 0.00536557
9.0 22.00000 -3.44000 0.35667E+01 0.0186394 0.0228494 0.0228494 0.00557336
9.0 22.00000 -3.44000 0.35822E+01 0.0179647 0.022063 0.022063 0.0058592
9.0 22.00000 -3.44000 0.35975E+01 0.0169998 0.020932 0.020932 0.00616019
9.0 22.00000 -3.44000 0.36125E+01 0.0164664 0.0203201 0.0203201 0.00644792
9.0 22.00000 -3.44000 0.36274E+01 0.0158526 0.0196033 0.0196033 0.00678738
9.0 22.00000 -3.44000 0.36420E+01 0.0152993 0.0189528 0.0189528 0.00715147
9.0 22.00000 -3.44000 0.36565E+01 0.0146156 0.0181441 0.0181441 0.007555
9.0 22.00000 -3.44000 0.36707E+01 0.0140585 0.0174891 0.0174891 0.00804905
9.0 22.00000 -3.44000 0.36848E+01 0.0131704 0.0164204 0.0164204 0.00864123
9.0 22.00000 -3.44000 0.36986E+01 0.0129145 0.0161305 0.0161305 0.00915992
9.0 22.00000 -3.44000 0.37123E+01 0.011937 0.0149226 0.0149226 0.00982946
9.0 22.00000 -3.44000 0.37258E+01 0.0117581 0.0147022 0.0147022 0.0104537
9.0 22.00000 -3.44000 0.37392E+01 0.0111384 0.013928 0.013928 0.0113131
9.0 22.00000 -4.02000 0.36696E+01 0.0137276 0.0170748 0.0170748 0.00405749
9.0 22.00000 -4.02000 0.36993E+01 0.0127113 0.0158766 0.0158766 0.00399085
9.0 22.00000 -4.02000 0.37281E+01 0.0116319 0.0145431 0.0145431 0.00400094
9.0 22.00000 -4.02000 0.37562E+01 0.0107612 0.0134598 0.0134598 0.00404388
9.0 22.00000 -4.02000 0.37834E+01 0.00989754 0.0123866 0.0123866 0.00411694
9.0 22.00000 -4.02000 0.38100E+01 0.00916185 0.0114788 0.0114788 0.00418931
9.0 22.00000 -4.02000 0.38358E+01 0.0081321 0.0102199 0.0102199 0.00437833
9.0 22.00000 -4.02000 0.38610E+01 0.00766352 0.00970117 0.00970117 0.00459966
9.0 22.00000 -4.02000 0.38856E+01 0.00698055 0.00894383 0.00894383 0.00486199
9.0 22.00000 -4.02000 0.39095E+01 0.0064571 0.00836029 0.00836029 0.00511718
9.0 22.00000 -4.02000 0.39328E+01 0.00586138 0.00765644 0.00765644 0.0054288
9.0 22.00000 -4.02000 0.39555E+01 0.00528267 0.0069707 0.0069707 0.00579067
9.0 22.00000 -4.02000 0.39777E+01 0.0048923 0.0065247 0.0065247 0.00609056
9.0 22.00000 -4.02000 0.39993E+01 0.00441987 0.00595728 0.00595728 0.00645335
9.0 22.00000 -4.02000 0.40204E+01 0.00393815 0.0053632 0.0053632 0.00692299
9.0 22.00000 -4.02000 0.40410E+01 0.00364636 0.0050117 0.0050117 0.00727467
9.0 22.00000 -4.02000 0.40612E+01 0.00314538 0.00436044 0.00436044 0.00785462
9.0 22.00000 -4.02000 0.40808E+01 0.00285748 0.00399276 0.00399276 0.00836974
9.0 22.00000 -4.02000 0.41001E+01 0.00249182 0.00350581 0.00350581 0.00904318
9.0 22.00000 -4.02000 0.41189E+01 0.00216976 0.00307219 0.00307219 0.009812
9.0 22.00000 -4.02000 0.41372E+01 0.00193039 0.00274896 0.00274896 0.0105463
9.0 22.00000 -4.02000 0.41552E+01 0.00170905 0.00244637 0.00244637 0.0112973
9.0 22.00000 -4.02000 0.41728E+01 0.00143136 0.00205836 0.00205836 0.0124689
9.0 22.00000 -4.02000 0.41900E+01 0.00124741 0.00180105 0.00180105 0.013506
9.0 22.00000 -4.02000 0.42068E+01 0.0011258 0.00163102 0.00163102 0.014428
9.0 22.00000 -4.02000 0.42233E+01 0.000946162 0.00137486 0.00137486 0.0158975
9.0 22.00000 -4.02000 0.42394E+01 0.000790896 0.00115194 0.00115194 0.0178735
9.0 22.00000 -4.02000 0.42552E+01 0.000724773 0.0010576 0.0010576 0.0195289
9.0 22.00000 -4.02000 0.42707E+01 0.000610653 0.000892055 0.000892055 0.022244
9.0 22.00000 -4.02000 0.42858E+01 0.000508164 0.000742733 0.000742733 0.0255573
9.0 22.00000 -4.02000 0.43007E+01 0.000450565 0.000659476 0.000659476 0.0284792
9.0 22.00000 -4.02000 0.43152E+01 0.000379633 0.00055627 0.00055627 0.0328969
9.0 22.00000 -4.02000 0.43295E+01 0.000345121 0.000506222 0.000506222 0.0365154
9.0 22.00000 -4.02000 0.43435E+01 0.000281207 0.000412871 0.000412871 0.0426014
9.0 22.00000 -4.02000 0.43572E+01 0.000263547 0.000387369 0.000387369 0.0471409
9.0 22.00000 -4.02000 0.43707E+01 0.000209736 0.000308636 0.000308636 0.056795
9.0 22.00000 -4.65300 0.42550E+01 0.000673048 0.000982057 0.000982057 0.0048786
9.0 22.00000 -4.65300 0.43028E+01 0.000414184 0.000606352 0.000606352 0.00572681
9.0 22.00000 -4.65300 0.43477E+01 0.000267927 0.000393509 0.000393509 0.00688139
9.0 22.00000 -4.65300 0.43899E+01 0.00017732 0.000261339 0.000261339 0.00847338
9.0 22.00000 -4.65300 0.44297E+01 0.000116551 0.000172525 0.000172525 0.0107278
9.0 22.00000 -4.65300 0.44672E+01 7.86162e-05 0.000116983 0.000116983 0.0134195
9.0 22.00000 -4.65300 0.45027E+01 5.42438e-05 8.11073e-05 8.11073e-05 0.0165589
9.0 22.00000 -4.65300 0.45363E+01 3.98613e-05 5.99526e-05 5.99526e-05 0.0198464
9.0 22.00000 -4.65300 0.45682E+01 2.60616e-05 3.94435e-05 3.94435e-05 0.025174
9.0 22.00000 -4.65300 0.45984E+01 2.00688e-05 3.05561e-05 3.05561e-05 0.0291849
9.0 22.00000 -4.65300 0.46272E+01 1.32231e-05 2.02467e-05 2.02467e-05 0.0367853
9.0 22.00000 -4.65300 0.46546E+01 9.47701e-06 1.4588e-05 1.4588e-05 0.0443253
9.0 22.00000 -4.65300 0.46807E+01 7.11521e-06 1.1005e-05 1.1005e-05 0.0522007
9.0 22.00000 -4.65300 0.47056E+01 5.38665e-06 8.37071e-06 8.37071e-06 0.0609714
9.0 22.00000 -4.65300 0.47293E+01 3.99882e-06 6.24789e-06 6.24789e-06 0.0723571
9.0 22.00000 -4.65300 0.47521E+01 2.62179e-06 4.11882e-06 4.11882e-06 0.0909092
9.0 22.00000 -4.65300 0.47738E+01 2.2079e-06 3.48684e-06 3.48684e-06 0.101015
9.0 22.00000 -4.65300 0.47947E+01 1.79714e-06 2.85236e-06 2.85236e-06 0.114706
9.0 22.00000 -4.65300 0.48147E+01 1.19019e-06 1.89828e-06 1.89828e-06 0.142858
9.0 22.00000 -4.65300 0.48339E+01 4.29956e-07 6.89117e-07 6.89117e-07 0.242548
9.0 22.00000 -4.65300 0.48523E+01 8.1357e-07 1.30995e-06 1.30995e-06 0.1796
9.0 22.00000 -4.65300 0.48700E+01 5.39722e-07 8.72838e-07 8.72838e-07 0.2236
9.0 22.00000 -4.65300 0.48870E+01 2.5266e-07 4.10378e-07 4.10378e-07 0.333327
9.0 22.00000 -4.65300 0.49034E+01 1.72776e-07 2.8177e-07 2.8177e-07 0.408243
9.0 22.00000 -4.65300 0.49192E+01 2.97902e-08 4.87759e-08 4.87759e-08 1
9.0 22.00000 -4.65300 0.49345E+01 9.15464e-08 1.50474e-07 1.50474e-07 0.57737
9.0 22.00000 -4.65300 0.49492E+01 9.35396e-08 1.54328e-07 1.54328e-07 0.57737
9.0 22.00000 -4.65300 0.49633E+01 3.28112e-08 5.433e-08 5.433e-08 1
9.0 22.00000 -4.65300 0.50031E+01 4.73182e-08 7.91665e-08 7.91665e-08 1
9.0 22.00000 -4.65300 0.50275E+01 6.86423e-08 1.15581e-07 1.15581e-07 1
9.0 22.00000 -4.65300 0.50391E+01 8.62558e-08 1.45677e-07 1.45677e-07 1
9.0 26.00000 -3.17000 0.28916E+01 0.01392 0.0161297 0.0161297 0.00552334
9.0 26.00000 -3.17000 0.29110E+01 0.0134085 0.0156103 0.0156103 0.0053532
9.0 26.00000 -3.17000 0.29302E+01 0.0129489 0.0151274 0.0151274 0.00524306
9.0 26.00000 -3.17000 0.29492E+01 0.0124276 0.0145731 0.0145731 0.00517161
9.0 26.00000 -3.17000 0.29679E+01 0.0117631 0.0138511 0.0138511 0.005161
9.0 26.00000 -3.17000 0.29863E+01 0.0111638 0.0132026 0.0132026 0.00514479
9.0 26.00000 -3.17000 0.30045E+01 0.0106666 0.0126569 0.0126569 0.00514143
9.0 26.00000 -3.17000 0.30225E+01 0.010037 0.0119547 0.0119547 0.00518699
9.0 26.00000 -3.17000 0.30403E+01 0.00958909 0.011462 0.011462 0.00524683
9.0 26.00000 -3.17000 0.30578E+01 0.00907595 0.0108836 0.0108836 0.00538335
9.0 26.00000 -3.17000 0.30751E+01 0.00862541 0.0103823 0.0103823 0.00556562
9.0 26.00000 -3.17000 0.30921E+01 0.00817811 0.00989437 0.00989437 0.00574363
9.0 26.00000 -3.17000 0.31090E+01 0.00787899 0.00960206 0.00960206 0.00590276
9.0 26.00000 -3.17000 0.31256E+01 0.00747608 0.00909188 0.00909188 0.0061115
9.0 26.00000 -3.17000 0.31421E+01 0.00694368 0.00846939 0.00846939 0.00631497
9.0 26.00000 -3.17000 0.31583E+01 0.00662948 0.0081096 0.0081096 0.00650945
9.0 26.00000 -3.17000 0.31743E+01 0.00626542 0.00768797 0.00768797 0.00678665
9.0 26.00000 -3.17000 0.31901E+01 0.0059297 0.0072945 0.0072945 0.00695716
9.0 26.00000 -3.17000 0.32058E+01 0.00556866 0.0068666 0.0068666 0.00719119
9.0 26.00000 -3.17000 0.32212E+01 0.00528345 0.0065319 0.0065319 0.00748411
9.0 26.00000 -3.17000 0.32365E+01 0.00500249 0.00620227 0.00620227 0.00768635
9.0 26.00000 -3.17000 0.32516E+01 0.0047568 0.0059117 0.0059117 0.00798049
9.0 26.00000 -3.17000 0.32665E+01 0.00454189 0.00564838 0.00564838 0.00819117
9.0 26.00000 -3.17000 0.32812E+01 0.004224 0.00525507 0.00525507 0.00851201
9.0 26.00000 -3.17000 0.32958E+01 0.00403754 0.00502684 0.00502684 0.00889389
9.0 26.00000 -3.17000 0.33102E+01 0.00381853 0.00475656 0.00475656 0.00936626
9.0 26.00000 -3.17000 0.33244E+01 0.00364309 0.00454002 0.00454002 0.00985321
9.0 26.00000 -3.17000 0.33385E+01 0.00349904 0.00435975 0.00435975 0.0103821
9.0 26.00000 -3.17000 0.33524E+01 0.00327756 0.00408815 0.00408815 0.0110637
9.0 26.00000 -3.17000 0.33661E+01 0.00304995 0.00380626 0.00380626 0.0118413
9.0 26.00000 -3.17000 0.33797E+01 0.00291714 0.00364331 0.00364331 0.0126187
9.0 26.00000 -3.17000 0.33931E+01 0.00279414 0.00349369 0.00349369 0.0133958
9.0 26.00000 -3.17000 0.34064E+01 0.00262369 0.00328685 0.00328685 0.014415
9.0 26.00000 -3.17000 0.34195E+01 0.00235991 0.00296962 0.00296962 0.0158979
9.0 26.00000 -3.17000 0.34325E+01 0.00230635 0.00291972 0.00291972 0.0169274
9.0 26.00000 -3.17000 0.34454E+01 0.00222085 0.00282488 0.00282488 0.018101
9.0 26.00000 -3.70000 0.33763E+01 0.0028923 0.00361112 0.00361112 0.00531577
9.0 26.00000 -3.70000 0.34013E+01 0.00266036 0.00332977 0.00332977 0.00521611
9.0 26.00000 -3.70000 0.34258E+01 0.00241757 0.00305049 0.00305049 0.00521569
9.0 26.00000 -3.70000 0.34498E+01 0.00218032 0.00277832 0.00277832 0.00529006
9.0 26.00000 -3.70000 0.34733E+01 0.00197758 0.00254027 0.00254027 0.00540624
9.0 26.00000 -3.70000 0.34963E+01 0.00178318 0.00230718 0.00230718 0.00555766
9.0 26.00000 -3.70000 0.35189E+01 0.00161614 0.00210494 0.00210494 0.00576171
9.0 26.00000 -3.70000 0.35411E+01 0.00144325 0.00189496 0.00189496 0.00611946
9.0 26.00000 -3.70000 0.35628E+01 0.00133454 0.0017673 0.0017673 0.00645044
9.0 26.00000 -3.70000 0.35841E+01 0.00117531 0.00156928 0.00156928 0.00685889
9.0 26.00000 -3.70000 0.36049E+01 0.00106367 0.00143193 0.00143193 0.00734
9.0 26.00000 -3.70000 0.36254E+01 0.000935369 0.00126839 0.00126839 0.00787535
9.0 26.00000 -3.70000 0.36455E+01 0.00083382 0.00113907 0.00113907 0.0084283
9.0 26.00000 -3.70000 0.36653E+01 0.000737655 0.00101407 0.00101407 0.00904545
9.0 26.00000 -3.70000 0.36846E+01 0.000640429 0.000885806 0.000885806 0.00971038
9.0 26.00000 -3.70000 0.37036E+01 0.000560142 0.000778777 0.000778777 0.010476
9.0 26.00000 -3.70000 0.37223E+01 0.000478272 0.000668468 0.000668468 0.0114265
9.0 26.00000 -3.70000 0.37406E+01 0.000413265 0.000580303 0.000580303 0.0123581
9.0 26.00000 -3.70000 0.37586E+01 0.000370175 0.000521755 0.000521755 0.0132475
9.0 26.00000 -3.70000 0.37763E+01 0.000312258 0.000441888 0.000441888 0.0145006
9.0 26.00000 -3.70000 0.37937E+01 0.000272168 0.000386398 0.000386398 0.0156762
9.0 26.00000 -3.70000 0.38108E+01 0.00023028 0.000327674 0.000327674 0.0171782
9.0 26.00000 -3.70000 0.38276E+01 0.000197664 0.000281947 0.000281947 0.0187647
9.0 26.00000 -3.70000 0.38440E+01 0.000170397 0.000243399 0.000243399 0.0203193
9.0 26.00000 -3.70000 0.38603E+01 0.00014139 0.000202216 0.000202216 0.0224849
9.0 26.00000 -3.70000 0.38762E+01 0.000124431 0.000178036 0.000178036 0.0241333
9.0 26.00000 -3.70000 0.38919E+01 0.000108862 0.000155681 0.000155681 0.0265093
9.0 26.00000 -3.70000 0.39073E+01 9.29444e-05 0.000133036 0.000133036 0.0297955
9.0 26.00000 -3.70000 0.39225E+01 7.86299e-05 0.000112651 0.000112651 0.0334829
9.0 26.00000 -3.70000 0.39374E+01 7.04495e-05 0.000101013 0.000101013 0.037267
9.0 26.00000 -3.70000 0.39521E+01 6.20668e-05 8.90693e-05 8.90693e-05 0.0412378
9.0 26.00000 -3.70000 0.39666E+01 4.85027e-05 6.96658e-05 6.96658e-05 0.0492075
9.0 26.00000 -3.70000 0.39808E+01 4.65635e-05 6.69512e-05 6.69512e-05 0.0533766
9.0 26.00000 -3.70000 0.39948E+01 3.76667e-05 5.42183e-05 5.42183e-05 0.0626219
9.0 26.00000 -3.70000 0.40086E+01 3.7429e-05 5.39534e-05 5.39534e-05 0.0669637
9.0 26.00000 -3.70000 0.40222E+01 2.93655e-05 4.23853e-05 4.23853e-05 0.0811109
9.0 26.00000 -4.32000 0.39457E+01 6.30126e-05 9.03883e-05 9.03883e-05 0.0170174
9.0 26.00000 -4.32000 0.39815E+01 4.42565e-05 6.36386e-05 6.36386e-05 0.0188007
9.0 26.00000 -4.32000 0.40160E+01 3.21857e-05 4.64358e-05 4.64358e-05 0.0210026
9.0 26.00000 -4.32000 0.40492E+01 2.27688e-05 3.29697e-05 3.29697e-05 0.0243827
9.0 26.00000 -4.32000 0.40812E+01 1.65738e-05 2.41075e-05 2.41075e-05 0.0285254
9.0 26.00000 -4.32000 0.41120E+01 1.23084e-05 1.79927e-05 1.79927e-05 0.0338059
9.0 26.00000 -4.32000 0.41417E+01 9.35853e-06 1.37432e-05 1.37432e-05 0.0394052
9.0 26.00000 -4.32000 0.41703E+01 6.4099e-06 9.45684e-06 9.45684e-06 0.0482822
9.0 26.00000 -4.32000 0.41980E+01 5.22913e-06 7.75549e-06 7.75549e-06 0.0543958
9.0 26.00000 -4.32000 0.42247E+01 3.86528e-06 5.76202e-06 5.76202e-06 0.0642805
9.0 26.00000 -4.32000 0.42505E+01 2.94701e-06 4.41534e-06 4.41534e-06 0.0741245
9.0 26.00000 -4.32000 0.42754E+01 2.1933e-06 3.30186e-06 3.30186e-06 0.0873703
9.0 26.00000 -4.32000 0.42996E+01 1.67408e-06 2.53223e-06 2.53223e-06 0.102062
9.0 26.00000 -4.32000 0.43230E+01 1.24032e-06 1.88415e-06 1.88415e-06 0.119521
9.0 26.00000 -4.32000 0.43456E+01 9.43974e-07 1.44005e-06 1.44005e-06 0.138675
9.0 26.00000 -4.32000 0.43676E+01 5.02462e-07 7.69518e-07 7.69518e-07 0.192447
9.0 26.00000 -4.32000 0.43888E+01 5.72366e-07 8.79942e-07 8.79942e-07 0.182579
9.0 26.00000 -4.32000 0.44095E+01 2.9483e-07 4.55148e-07 4.55148e-07 0.258199
9.0 26.00000 -4.32000 0.44295E+01 3.41326e-07 5.29282e-07 5.29282e-07 0.242534
9.0 26.00000 -4.32000 0.44490E+01 2.10967e-07 3.28499e-07 3.28499e-07 0.316229
9.0 26.00000 -4.32000 0.44679E+01 1.26689e-07 1.98105e-07 1.98105e-07 0.408233
9.0 26.00000 -4.32000 0.44862E+01 1.33288e-07 2.09271e-07 2.09271e-07 0.408233
9.0 26.00000 -4.32000 0.45041E+01 1.57701e-07 2.48596e-07 2.48596e-07 0.377954
9.0 26.00000 -4.32000 0.45214E+01 1.15315e-07 1.82472e-07 1.82472e-07 0.447209
9.0 26.00000 -4.32000 0.45383E+01 4.79429e-08 7.61566e-08 7.61566e-08 0.707114
9.0 26.00000 -4.32000 0.45547E+01 7.31066e-08 1.16557e-07 1.16557e-07 0.577356
9.0 26.00000 -4.32000 0.46015E+01 7.95136e-08 1.28082e-07 1.28082e-07 0.577356
9.0 32.00000 -2.67000 0.24350E+01 0.00387777 0.00450094 0.00450094 0.0077022
9.0 32.00000 -2.67000 0.24504E+01 0.00377618 0.00439979 0.00439979 0.00742356
9.0 32.00000 -2.67000 0.24657E+01 0.00362685 0.00423982 0.00423982 0.0072403
9.0 32.00000 -2.67000 0.24808E+01 0.00343269 0.00402437 0.00402437 0.00715579
9.0 32.00000 -2.67000 0.24959E+01 0.00316804 0.00373093 0.00373093 0.00718796
9.0 32.00000 -2.67000 0.25107E+01 0.00314595 0.00371746 0.00371746 0.00704394
9.0 32.00000 -2.67000 0.25255E+01 0.00291942 0.00346362 0.00346362 0.00708457
9.0 32.00000 -2.67000 0.25401E+01 0.0027394 0.00325822 0.00325822 0.00714909
9.0 32.00000 -2.67000 0.25546E+01 0.00258357 0.00308073 0.00308073 0.00725235
9.0 32.00000 -2.67000 0.25689E+01 0.00248888 0.0029771 0.0029771 0.00739575
9.0 32.00000 -2.67000 0.25831E+01 0.00235109 0.00282718 0.00282718 0.00759427
9.0 32.00000 -2.67000 0.25972E+01 0.00223016 0.00269601 0.00269601 0.00787169
9.0 32.00000 -2.67000 0.26112E+01 0.00208361 0.00252078 0.00252078 0.00816144
9.0 32.00000 -2.67000 0.26250E+01 0.00196732 0.00238749 0.00238749 0.00843502
9.0 32.00000 -2.67000 0.26387E+01 0.00184664 0.00224825 0.00224825 0.00877501
9.0 32.00000 -2.67000 0.26524E+01 0.00169502 0.0020711 0.0020711 0.00908352
9.0 32.00000 -2.67000 0.26658E+01 0.00162508 0.00199124 0.00199124 0.00935959
9.0 32.00000 -2.67000 0.26792E+01 0.00154882 0.00189986 0.00189986 0.00969396
9.0 32.00000 -2.67000 0.26925E+01 0.00146962 0.00180467 0.00180467 0.00989952
9.0 32.00000 -2.67000 0.27056E+01 0.00137105 0.0016852 0.0016852 0.010324
9.0 32.00000 -2.67000 0.27186E+01 0.00133579 0.0016439 0.0016439 0.0105177
9.0 32.00000 -2.67000 0.27316E+01 0.00120278 0.00148187 0.00148187 0.0110961
9.0 32.00000 -2.67000 0.27444E+01 0.00117808 0.00145203 0.00145203 0.0112752
9.0 32.00000 -2.67000 0.27571E+01 0.00109412 0.00134959 0.00134959 0.0117892
9.0 32.00000 -2.67000 0.27697E+01 0.00102589 0.00126585 0.00126585 0.0121611
9.0 32.00000 -2.67000 0.27822E+01 0.000949454 0.00117264 0.00117264 0.0129286
9.0 32.00000 -2.67000 0.27946E+01 0.000916132 0.00113303 0.00113303 0.013485
9.0 32.00000 -2.67000 0.28068E+01 0.000865561 0.00107153 0.00107153 0.0142392
9.0 32.00000 -2.67000 0.28190E+01 0.000822562 0.00101926 0.00101926 0.0151744
9.0 32.00000 -2.67000 0.28311E+01 0.000745959 0.00092567 0.00092567 0.016341
9.0 32.00000 -2.67000 0.28431E+01 0.000701515 0.000874354 0.000874354 0.0174563
9.0 32.00000 -2.67000 0.28550E+01 0.000683704 0.000857032 0.000857032 0.0184306
9.0 32.00000 -2.67000 0.28668E+01 0.000635177 0.000799752 0.000799752 0.0198506
9.0 32.00000 -2.67000 0.28785E+01 0.000593801 0.000750645 0.000750645 0.0214324
9.0 32.00000 -2.67000 0.28901E+01 0.000541786 0.000687224 0.000687224 0.0237619
9.0 32.00000 -2.67000 0.29016E+01 0.000527467 0.000671229 0.000671229 0.0253186
9.0 32.00000 -3.13000 0.28550E+01 0.000667569 0.00083689 0.00083689 0.00899599
9.0 32.00000 -3.13000 0.28741E+01 0.000615973 0.000777603 0.000777603 0.00885629
9.0 32.00000 -3.13000 0.28930E+01 0.000564966 0.000717196 0.000717196 0.00880956
9.0 32.00000 -3.13000 0.29116E+01 0.000502909 0.000641474 0.000641474 0.00891143
9.0 32.00000 -3.13000 0.29300E+01 0.000463712 0.000593886 0.000593886 0.00903761
9.0 32.00000 -3.13000 0.29481E+01 0.00040949 0.000526785 0.000526785 0.00930156
9.0 32.00000 -3.13000 0.29661E+01 0.000376242 0.000486453 0.000486453 0.00952092
9.0 32.00000 -3.13000 0.29837E+01 0.000339026 0.000440733 0.000440733 0.00990377
9.0 32.00000 -3.13000 0.30012E+01 0.000303958 0.000397317 0.000397317 0.010548
9.0 32.00000 -3.13000 0.30184E+01 0.000271268 0.0003567 0.0003567 0.0111698
9.0 32.00000 -3.13000 0.30355E+01 0.000245567 0.000324547 0.000324547 0.011847
9.0 32.00000 -3.13000 0.30523E+01 0.000220468 0.000292843 0.000292843 0.0125671
9.0 32.00000 -3.13000 0.30689E+01 0.000195525 0.00026106 0.00026106 0.0134038
9.0 32.00000 -3.13000 0.30853E+01 0.000176651 0.000237049 0.000237049 0.0142435
9.0 32.00000 -3.13000 0.31015E+01 0.000151012 0.000203598 0.000203598 0.0153936
9.0 32.00000 -3.13000 0.31176E+01 0.000134588 0.000182159 0.000182159 0.0163211
9.0 32.00000 -3.13000 0.31334E+01 0.000118661 0.000161286 0.000161286 0.0175359
9.0 32.00000 -3.13000 0.31490E+01 0.000106934 0.000145934 0.000145934 0.0186632
9.0 32.00000 -3.13000 0.31645E+01 9.52415e-05 0.000130296 0.000130296 0.0197484
9.0 32.00000 -3.13000 0.31798E+01 8.48336e-05 0.000116507 0.000116507 0.0211148
9.0 32.00000 -3.13000 0.31949E+01 7.19175e-05 9.91134e-05 9.91134e-05 0.0230453
9.0 32.00000 -3.13000 0.32098E+01 6.41776e-05 8.86352e-05 8.86352e-05 0.0245225
9.0 32.00000 -3.13000 0.32245E+01 5.80763e-05 8.04188e-05 8.04188e-05 0.0259417
9.0 32.00000 -3.13000 0.32391E+01 4.96728e-05 6.89269e-05 6.89269e-05 0.0281946
9.0 32.00000 -3.13000 0.32535E+01 4.1633e-05 5.78692e-05 5.78692e-05 0.0309333
9.0 32.00000 -3.13000 0.32678E+01 3.71654e-05 5.17514e-05 5.17514e-05 0.0330768
9.0 32.00000 -3.13000 0.32819E+01 3.28684e-05 4.58047e-05 4.58047e-05 0.035646
9.0 32.00000 -3.13000 0.32958E+01 2.93765e-05 4.09722e-05 4.09722e-05 0.0387195
9.0 32.00000 -3.13000 0.33096E+01 2.45133e-05 3.42085e-05 3.42085e-05 0.0441083
9.0 32.00000 -3.13000 0.33232E+01 2.12374e-05 2.96248e-05 2.96248e-05 0.0491482
9.0 32.00000 -3.13000 0.33367E+01 1.94264e-05 2.7065e-05 2.7065e-05 0.0534527
9.0 32.00000 -3.13000 0.33500E+01 1.65445e-05 2.30306e-05 2.30306e-05 0.0606357
9.0 32.00000 -3.13000 0.33632E+01 1.54619e-05 2.15368e-05 2.15368e-05 0.0662264
9.0 32.00000 -3.13000 0.33762E+01 1.31544e-05 1.83301e-05 1.83301e-05 0.076029
9.0 32.00000 -3.13000 0.33891E+01 1.13497e-05 1.58295e-05 1.58295e-05 0.0863854
9.0 32.00000 -3.13000 0.34019E+01 9.73476e-06 1.3593e-05 1.3593e-05 0.0995095
9.0 32.00000 -3.65000 0.33305E+01 2.08572e-05 2.90768e-05 2.90768e-05 0.0354887
9.0 32.00000 -3.65000 0.33549E+01 1.64425e-05 2.28976e-05 2.28976e-05 0.0372416
9.0 32.00000 -3.65000 0.33788E+01 1.31677e-05 1.83509e-05 1.83509e-05 0.0394983
9.0 32.00000 -3.65000 0.34023E+01 1.06962e-05 1.49354e-05 1.49354e-05 0.0422586
9.0 32.00000 -3.65000 0.34253E+01 8.39476e-06 1.17317e-05 1.17317e-05 0.0461754
9.0 32.00000 -3.65000 0.34478E+01 6.5487e-06 9.17423e-06 9.17423e-06 0.0515016
9.0 32.00000 -3.65000 0.34700E+01 4.72413e-06 6.62959e-06 6.62959e-06 0.0611993
9.0 32.00000 -3.65000 0.34917E+01 3.94816e-06 5.55733e-06 5.55733e-06 0.0704724
9.0 32.00000 -3.65000 0.35130E+01 3.27175e-06 4.61559e-06 4.61559e-06 0.0743325
9.0 32.00000 -3.65000 0.35339E+01 2.88022e-06 4.07806e-06 4.07806e-06 0.0803223
9.0 32.00000 -3.65000 0.35544E+01 2.5051e-06 3.55709e-06 3.55709e-06 0.0870389
9.0 32.00000 -3.65000 0.35745E+01 1.96971e-06 2.8076e-06 2.8076e-06 0.0985333
9.0 32.00000 -3.65000 0.35943E+01 1.35339e-06 1.9353e-06 1.9353e-06 0.135326
9.0 32.00000 -3.65000 0.36138E+01 1.16878e-06 1.67705e-06 1.67705e-06 0.130188
9.0 32.00000 -3.65000 0.36328E+01 1.08734e-06 1.56447e-06 1.56447e-06 0.136085
9.0 32.00000 -3.65000 0.36516E+01 9.6722e-07 1.39586e-06 1.39586e-06 0.144339
9.0 32.00000 -3.65000 0.36700E+01 5.3414e-07 7.73551e-07 7.73551e-07 0.196111
9.0 32.00000 -3.65000 0.36881E+01 5.40032e-07 7.84626e-07 7.84626e-07 0.196111
9.0 32.00000 -3.65000 0.37059E+01 5.7623e-07 8.40298e-07 8.40298e-07 0.192453
9.0 32.00000 -3.65000 0.37234E+01 4.0595e-07 5.93756e-07 5.93756e-07 0.229418
9.0 32.00000 -3.65000 0.37406E+01 2.19681e-07 3.22474e-07 3.22474e-07 0.31622
9.0 32.00000 -3.65000 0.37575E+01 1.56625e-07 2.30627e-07 2.30627e-07 0.377966
9.0 32.00000 -3.65000 0.37741E+01 1.82109e-07 2.68946e-07 2.68946e-07 0.353545
9.0 32.00000 -3.65000 0.37905E+01 9.24452e-08 1.36943e-07 1.36943e-07 0.500021
9.0 32.00000 -3.65000 0.38066E+01 2.32906e-07 3.46051e-07 3.46051e-07 0.31622
9.0 32.00000 -3.65000 0.38224E+01 1.19632e-07 1.78241e-07 1.78241e-07 0.44721
9.0 32.00000 -3.65000 0.38380E+01 1.20703e-07 1.80355e-07 1.80355e-07 0.44721
9.0 32.00000 -3.65000 0.38533E+01 9.90849e-08 1.48455e-07 1.48455e-07 0.500021
9.0 32.00000 -3.65000 0.38684E+01 7.93399e-08 1.19206e-07 1.19206e-07 0.577323
9.0 32.00000 -3.65000 0.38833E+01 8.67832e-08 1.3072e-07 1.3072e-07 0.577323
9.0 32.00000 -3.65000 0.38979E+01 6.4934e-08 9.80622e-08 9.80622e-08 0.707093
9.0 32.00000 -3.65000 0.39123E+01 3.55714e-08 5.38423e-08 5.38423e-08 1
9.0 40.00000 -1.14000 0.10393E+01 0.0166716 0.013446 0.013446 0.0148332
9.0 40.00000 -1.14000 0.10452E+01 0.016972 0.0137438 0.0137438 0.0138835
9.0 40.00000 -1.14000 0.10512E+01 0.0174543 0.0141911 0.0141911 0.0130876
9.0 40.00000 -1.14000 0.10571E+01 0.0167659 0.0136844 0.0136844 0.012938
9.0 40.00000 -1.14000 0.10630E+01 0.0163005 0.0133565 0.0133565 0.0126374
9.0 40.00000 -1.14000 0.10688E+01 0.0160359 0.0131928 0.0131928 0.0122977
9.0 40.00000 -1.14000 0.10747E+01 0.0159502 0.0131723 0.0131723 0.0120379
9.0 40.00000 -1.14000 0.10806E+01 0.0156566 0.012978 0.012978 0.0117913
9.0 40.00000 -1.14000 0.10864E+01 0.015447 0.012852 0.012852 0.0115215
9.0 40.00000 -1.14000 0.10922E+01 0.0150094 0.0125338 0.0125338 0.011472
9.0 40.00000 -1.14000 0.10980E+01 0.01474 0.0123531 0.0123531 0.011391
9.0 40.00000 -1.14000 0.11038E+01 0.0145563 0.0122428 0.0122428 0.0114305
9.0 40.00000 -1.14000 0.11096E+01 0.0145097 0.012247 0.012247 0.011384
9.0 40.00000 -1.14000 0.11153E+01 0.0148364 0.012567 0.012567 0.0112901
9.0 40.00000 -1.14000 0.11211E+01 0.0143492 0.0121967 0.0121967 0.0113857
9.0 40.00000 -1.14000 0.11268E+01 0.0144055 0.0122873 0.0122873 0.0114237
9.0 40.00000 -1.14000 0.11325E+01 0.0140397 0.0120159 0.0120159 0.0116003
9.0 40.00000 -1.14000 0.11383E+01 0.0139532 0.0119826 0.0119826 0.0116121
9.0 40.00000 -1.14000 0.11439E+01 0.0132576 0.0114232 0.0114232 0.0118856
9.0 40.00000 -1.14000 0.11496E+01 0.0138713 0.0119914 0.0119914 0.011569
9.0 40.00000 -1.14000 0.11553E+01 0.0132933 0.0115287 0.0115287 0.0118582
9.0 40.00000 -1.14000 0.11609E+01 0.0130797 0.0113796 0.0113796 0.0119278
9.0 40.00000 -1.14000 0.11666E+01 0.0131064 0.0114394 0.0114394 0.0118984
9.0 40.00000 -1.14000 0.11722E+01 0.0129016 0.0112962 0.0112962 0.0121618
9.0 40.00000 -1.14000 0.11778E+01 0.0127455 0.011194 0.011194 0.0122855
9.0 40.00000 -1.14000 0.11834E+01 0.01256 0.0110649 0.0110649 0.0125988
9.0 40.00000 -1.14000 0.11890E+01 0.0122274 0.010805 0.010805 0.0130174
9.0 40.00000 -1.14000 0.11945E+01 0.0120425 0.0106742 0.0106742 0.0134039
9.0 40.00000 -1.14000 0.12001E+01 0.0122243 0.0108692 0.0108692 0.0136653
9.0 40.00000 -1.14000 0.12056E+01 0.0118912 0.0106038 0.0106038 0.0141833
9.0 40.00000 -1.14000 0.12112E+01 0.0118237 0.0105743 0.0105743 0.0146132
9.0 40.00000 -1.14000 0.12167E+01 0.0118508 0.0106297 0.0106297 0.0150043
9.0 40.00000 -1.14000 0.12222E+01 0.0114637 0.0103123 0.0103123 0.0158358
9.0 40.00000 -1.14000 0.12277E+01 0.011644 0.0105041 0.0105041 0.0161851
9.0 40.00000 -1.14000 0.12331E+01 0.0111897 0.0101229 0.0101229 0.0172474
9.0 40.00000 -1.14000 0.12386E+01 0.0112056 0.0101662 0.0101662 0.0179139
9.0 40.00000 -1.33000 0.12126E+01 0.0115074 0.010299 0.010299 0.0108005
9.0 40.00000 -1.33000 0.12195E+01 0.0114153 0.0102546 0.0102546 0.0102969
9.0 40.00000 -1.33000 0.12265E+01 0.0113792 0.0102592 0.0102592 0.00984282
9.0 40.00000 -1.33000 0.12335E+01 0.0109419 0.00990054 0.00990054 0.00970279
9.0 40.00000 -1.33000 0.12404E+01 0.0110943 0.0100747 0.0100747 0.009247
9.0 40.00000 -1.33000 0.12473E+01 0.0105814 0.00964237 0.00964237 0.00920086
9.0 40.00000 -1.33000 0.12542E+01 0.0108884 0.00995647 0.00995647 0.00879121
9.0 40.00000 -1.33000 0.12610E+01 0.0103357 0.00948355 0.00948355 0.00875931
9.0 40.00000 -1.33000 0.12679E+01 0.0102205 0.00941035 0.00941035 0.00860767
9.0 40.00000 -1.33000 0.12747E+01 0.0099653 0.00920588 0.00920588 0.00856382
9.0 40.00000 -1.33000 0.12815E+01 0.00981153 0.00909377 0.00909377 0.00850957
9.0 40.00000 -1.33000 0.12883E+01 0.00969604 0.00901621 0.00901621 0.00852041
9.0 40.00000 -1.33000 0.12950E+01 0.00975158 0.00909682 0.00909682 0.00853649
9.0 40.00000 -1.33000 0.13018E+01 0.00947655 0.00886822 0.00886822 0.00867443
9.0 40.00000 -1.33000 0.13085E+01 0.00924949 0.00868426 0.00868426 0.00875293
9.0 40.00000 -1.33000 0.13152E+01 0.0089317 0.00841198 0.00841198 0.00888938
9.0 40.00000 -1.33000 0.13219E+01 0.00896541 0.00846955 0.00846955 0.00891494
9.0 40.00000 -1.33000 0.13285E+01 0.00897935 0.00850841 0.00850841 0.00894657
9.0 40.00000 -1.33000 0.13352E+01 0.00864365 0.00821478 0.00821478 0.00907382
9.0 40.00000 -1.33000 0.13418E+01 0.00857318 0.00817246 0.00817246 0.0090793
9.0 40.00000 -1.33000 0.13484E+01 0.00847306 0.0080999 0.0080999 0.00921791
9.0 40.00000 -1.33000 0.13550E+01 0.00834807 0.0080032 0.0080032 0.00922396
9.0 40.00000 -1.33000 0.13615E+01 0.00803201 0.00772274 0.00772274 0.00941526
9.0 40.00000 -1.33000 0.13681E+01 0.00801804 0.0077304 0.0077304 0.00947822
9.0 40.00000 -1.33000 0.13746E+01 0.00789994 0.00763731 0.00763731 0.00963655
9.0 40.00000 -1.33000 0.13811E+01 0.00779949 0.00756155 0.00756155 0.00984868
9.0 40.00000 -1.33000 0.13876E+01 0.00749292 0.00728381 0.00728381 0.0102573
9.0 40.00000 -1.33000 0.13940E+01 0.00756836 0.00737615 0.00737615 0.0104554
9.0 40.00000 -1.33000 0.14005E+01 0.00746586 0.00729534 0.00729534 0.0108477
9.0 40.00000 -1.33000 0.14069E+01 0.00735568 0.00720614 0.00720614 0.0112019
9.0 40.00000 -1.33000 0.14133E+01 0.00684331 0.00672102 0.00672102 0.0118094
9.0 40.00000 -1.33000 0.14197E+01 0.00697962 0.00687233 0.00687233 0.0121736
9.0 40.00000 -1.33000 0.14261E+01 0.00707788 0.00698648 0.00698648 0.0125467
9.0 40.00000 -1.33000 0.14324E+01 0.00666885 0.00659827 0.00659827 0.0133228
9.0 40.00000 -1.33000 0.14387E+01 0.00673819 0.00668244 0.00668244 0.0138346
9.0 40.00000 -1.33000 0.14451E+01 0.00651625 0.00647719 0.00647719 0.0146883
9.0 40.00000 -1.56000 0.14223E+01 0.00678547 0.00668771 0.00668771 0.00763163
9.0 40.00000 -1.56000 0.14306E+01 0.00674017 0.00666436 0.00666436 0.00729437
9.0 40.00000 -1.56000 0.14389E+01 0.00665087 0.00659611 0.00659611 0.00698069
9.0 40.00000 -1.56000 0.14471E+01 0.00645125 0.00641795 0.00641795 0.00684174
9.0 40.00000 -1.56000 0.14553E+01 0.00637961 0.00636565 0.00636565 0.00660944
9.0 40.00000 -1.56000 0.14635E+01 0.00631507 0.00631996 0.00631996 0.00646633
9.0 40.00000 -1.56000 0.14716E+01 0.00606659 0.00608945 0.00608945 0.00636698
9.0 40.00000 -1.56000 0.14797E+01 0.00590074 0.00593974 0.00593974 0.00628371
9.0 40.00000 -1.56000 0.14878E+01 0.00579328 0.00584845 0.00584845 0.00621335
9.0 40.00000 -1.56000 0.14959E+01 0.00555646 0.00562501 0.00562501 0.00624441
9.0 40.00000 -1.56000 0.15039E+01 0.0054847 0.00556668 0.00556668 0.00626636
9.0 40.00000 -1.56000 0.15119E+01 0.00541559 0.00551069 0.00551069 0.00626939
9.0 40.00000 -1.56000 0.15198E+01 0.00533452 0.00544267 0.00544267 0.00632343
9.0 40.00000 -1.56000 0.15278E+01 0.0050993 0.00521601 0.00521601 0.00646455
9.0 40.00000 -1.56000 0.15357E+01 0.00510064 0.00523174 0.00523174 0.00652598
9.0 40.00000 -1.56000 0.15435E+01 0.0049265 0.00506599 0.00506599 0.00658106
9.0 40.00000 -1.56000 0.15514E+01 0.00482149 0.00497012 0.00497012 0.00665856
9.0 40.00000 -1.56000 0.15592E+01 0.00473577 0.0048951 0.0048951 0.00673757
9.0 40.00000 -1.56000 0.15670E+01 0.00462078 0.00478693 0.00478693 0.00682598
9.0 40.00000 -1.56000 0.15747E+01 0.00445422 0.00462467 0.00462467 0.006943
9.0 40.00000 -1.56000 0.15824E+01 0.00445044 0.00463104 0.00463104 0.00698011
9.0 40.00000 -1.56000 0.15901E+01 0.00426874 0.00445314 0.00445314 0.00708611
9.0 40.00000 -1.56000 0.15978E+01 0.00421022 0.00440225 0.00440225 0.00716086
9.0 40.00000 -1.56000 0.16054E+01 0.00409153 0.00428801 0.00428801 0.00727596
9.0 40.00000 -1.56000 0.16131E+01 0.00395425 0.00415369 0.00415369 0.00742142
9.0 40.00000 -1.56000 0.16206E+01 0.00386628 0.00407063 0.00407063 0.00765619
9.0 40.00000 -1.56000 0.16282E+01 0.00378606 0.00399493 0.00399493 0.00789474
9.0 40.00000 -1.56000 0.16357E+01 0.00372044 0.00393431 0.00393431 0.00818565
9.0 40.00000 -1.56000 0.16432E+01 0.00364936 0.00386722 0.00386722 0.00854081
9.0 40.00000 -1.56000 0.16507E+01 0.00352275 0.00374119 0.00374119 0.00891055
9.0 40.00000 -1.56000 0.16582E+01 0.00342367 0.00364356 0.00364356 0.00925277
9.0 40.00000 -1.56000 0.16656E+01 0.00335352 0.00357632 0.00357632 0.0096277
9.0 40.00000 -1.56000 0.16730E+01 0.00329303 0.0035191 0.0035191 0.0101798
9.0 40.00000 -1.56000 0.16803E+01 0.00316812 0.00339263 0.00339263 0.0106227
9.0 40.00000 -1.56000 0.16877E+01 0.00313593 0.00336574 0.00336574 0.0112342
9.0 40.00000 -1.56000 0.16950E+01 0.00303145 0.00326032 0.00326032 0.0120269
9.0 40.00000 -1.82000 0.16594E+01 0.00335392 0.00357068 0.00357068 0.00727627
9.0 40.00000 -1.82000 0.16693E+01 0.00337816 0.00360634 0.00360634 0.00694612
9.0 40.00000 -1.82000 0.16790E+01 0.00321833 0.0034451 0.0034451 0.00672326
9.0 40.00000 -1.82000 0.16888E+01 0.00310406 0.00333279 0.00333279 0.00659845
9.0 40.00000 -1.82000 0.16985E+01 0.00302651 0.00325867 0.00325867 0.00640048
9.0 40.00000 -1.82000 0.17081E+01 0.00296769 0.00320433 0.00320433 0.0063275
9.0 40.00000 -1.82000 0.17177E+01 0.00283503 0.00306851 0.00306851 0.00629387
9.0 40.00000 -1.82000 0.17273E+01 0.00269963 0.00292929 0.00292929 0.00624195
9.0 40.00000 -1.82000 0.17368E+01 0.00264669 0.00287903 0.00287903 0.00620882
9.0 40.00000 -1.82000 0.17462E+01 0.0025576 0.00278957 0.00278957 0.00627509
9.0 40.00000 -1.82000 0.17557E+01 0.00247159 0.00270398 0.00270398 0.00635749
9.0 40.00000 -1.82000 0.17650E+01 0.00241228 0.00264717 0.00264717 0.00645447
9.0 40.00000 -1.82000 0.17744E+01 0.00229115 0.0025205 0.0025205 0.00660851
9.0 40.00000 -1.82000 0.17836E+01 0.00222258 0.00244998 0.00244998 0.00670615
9.0 40.00000 -1.82000 0.17929E+01 0.00217342 0.00240147 0.00240147 0.00682219
9.0 40.00000 -1.82000 0.18021E+01 0.00204885 0.00226936 0.00226936 0.00700247
9.0 40.00000 -1.82000 0.18113E+01 0.00195562 0.00217281 0.00217281 0.00716114
9.0 40.00000 -1.82000 0.18204E+01 0.00195957 0.00218394 0.00218394 0.00722245
9.0 40.00000 -1.82000 0.18294E+01 0.00184515 0.00206203 0.00206203 0.00738575
9.0 40.00000 -1.82000 0.18385E+01 0.0018121 0.00202988 0.00202988 0.00754834
9.0 40.00000 -1.82000 0.18475E+01 0.00173236 0.00194437 0.00194437 0.00769205
9.0 40.00000 -1.82000 0.18564E+01 0.00166168 0.00186922 0.00186922 0.00787471
9.0 40.00000 -1.82000 0.18653E+01 0.00160777 0.00181311 0.00181311 0.00799671
9.0 40.00000 -1.82000 0.18742E+01 0.00153735 0.00173864 0.00173864 0.00813738
9.0 40.00000 -1.82000 0.18830E+01 0.00147926 0.00167788 0.00167788 0.00837693
9.0 40.00000 -1.82000 0.18918E+01 0.00140058 0.00159291 0.00159291 0.00874818
9.0 40.00000 -1.82000 0.19006E+01 0.00138274 0.00157667 0.00157667 0.00895416
9.0 40.00000 -1.82000 0.19093E+01 0.00134659 0.00153941 0.00153941 0.00925936
9.0 40.00000 -1.82000 0.19180E+01 0.00126882 0.00145407 0.00145407 0.00996608
9.0 40.00000 -1.82000 0.19266E+01 0.00123497 0.00141889 0.00141889 0.0102339
9.0 40.00000 -1.82000 0.19352E+01 0.00117945 0.00135854 0.00135854 0.0108786
9.0 40.00000 -1.82000 0.19437E+01 0.00115429 0.00133309 0.00133309 0.0114406
9.0 40.00000 -1.82000 0.19522E+01 0.00109842 0.00127215 0.00127215 0.0121531
9.0 40.00000 -1.82000 0.19607E+01 0.00103264 0.00119915 0.00119915 0.0130067
9.0 40.00000 -1.82000 0.19692E+01 0.00101342 0.00117886 0.00117886 0.0137827
9.0 40.00000 -1.82000 0.19776E+01 0.000957089 0.00111554 0.00111554 0.0149896
9.0 40.00000 -2.13000 0.19422E+01 0.00114922 0.00132665 0.00132665 0.00739089
9.0 40.00000 -2.13000 0.19540E+01 0.00109418 0.00126791 0.00126791 0.00716475
9.0 40.00000 -2.13000 0.19656E+01 0.00104945 0.00121982 0.00121982 0.00697717
9.0 40.00000 -2.13000 0.19772E+01 0.000993782 0.0011582 0.0011582 0.00687497
9.0 40.00000 -2.13000 0.19888E+01 0.000940356 0.00109931 0.00109931 0.00677716
9.0 40.00000 -2.13000 0.20002E+01 0.000884082 0.00103791 0.00103791 0.00680129
9.0 40.00000 -2.13000 0.20116E+01 0.000846919 0.000996913 0.000996913 0.00677956
9.0 40.00000 -2.13000 0.20230E+01 0.000795496 0.000939094 0.000939094 0.00678884
9.0 40.00000 -2.13000 0.20342E+01 0.0007526 0.000890443 0.000890443 0.00692084
9.0 40.00000 -2.13000 0.20454E+01 0.000706241 0.000839153 0.000839153 0.00718654
9.0 40.00000 -2.13000 0.20565E+01 0.000677036 0.000809938 0.000809938 0.00735974
9.0 40.00000 -2.13000 0.20676E+01 0.00062867 0.000753787 0.000753787 0.00762915
9.0 40.00000 -2.13000 0.20786E+01 0.000590458 0.000708669 0.000708669 0.00783473
9.0 40.00000 -2.13000 0.20895E+01 0.000559552 0.000672336 0.000672336 0.00811852
9.0 40.00000 -2.13000 0.21004E+01 0.000528174 0.000635889 0.000635889 0.00833816
9.0 40.00000 -2.13000 0.21112E+01 0.000490888 0.000591841 0.000591841 0.00869568
9.0 40.00000 -2.13000 0.21219E+01 0.000463694 0.000559822 0.000559822 0.00893676
9.0 40.00000 -2.13000 0.21326E+01 0.000435142 0.00052593 0.00052593 0.00927496
9.0 40.00000 -2.13000 0.21432E+01 0.000413299 0.000500039 0.000500039 0.00955951
9.0 40.00000 -2.13000 0.21537E+01 0.0003903 0.000472592 0.000472592 0.00980317
9.0 40.00000 -2.13000 0.21642E+01 0.000359445 0.000435777 0.000435777 0.0102017
9.0 40.00000 -2.13000 0.21747E+01 0.000354087 0.000429654 0.000429654 0.0104507
9.0 40.00000 -2.13000 0.21850E+01 0.000314911 0.000382525 0.000382525 0.0110167
9.0 40.00000 -2.13000 0.21953E+01 0.000300541 0.0003655 0.0003655 0.0112477
9.0 40.00000 -2.13000 0.22056E+01 0.000278504 0.000339066 0.000339066 0.0118256
9.0 40.00000 -2.13000 0.22158E+01 0.000261686 0.000318803 0.000318803 0.0121505
9.0 40.00000 -2.13000 0.22259E+01 0.000248579 0.000303813 0.000303813 0.0127477
9.0 40.00000 -2.13000 0.22360E+01 0.000234348 0.000288038 0.000288038 0.0134277
9.0 40.00000 -2.13000 0.22460E+01 0.000215953 0.000266721 0.000266721 0.0145129
9.0 40.00000 -2.13000 0.22559E+01 0.000200974 0.000249236 0.000249236 0.0155982
9.0 40.00000 -2.13000 0.22658E+01 0.000184558 0.000229636 0.000229636 0.0167098
9.0 40.00000 -2.13000 0.22757E+01 0.000180178 0.000224838 0.000224838 0.0176064
9.0 40.00000 -2.13000 0.22855E+01 0.000171273 0.000214451 0.000214451 0.0187725
9.0 40.00000 -2.13000 0.22952E+01 0.000155674 0.000195457 0.000195457 0.0205976
9.0 40.00000 -2.13000 0.23049E+01 0.000148861 0.000187304 0.000187304 0.022807
9.0 40.00000 -2.13000 0.23145E+01 0.000136856 0.000172528 0.000172528 0.0247674
9.0 40.00000 -2.48000 0.22616E+01 0.000197427 0.000245325 0.000245325 0.016085
9.0 40.00000 -2.48000 0.22756E+01 0.000182085 0.000227217 0.000227217 0.0156438
9.0 40.00000 -2.48000 0.22896E+01 0.000161823 0.000202908 0.000202908 0.0157814
9.0 40.00000 -2.48000 0.23035E+01 0.000153287 0.000192827 0.000192827 0.0154736
9.0 40.00000 -2.48000 0.23172E+01 0.000138861 0.000175157 0.000175157 0.0157523
9.0 40.00000 -2.48000 0.23308E+01 0.000130668 0.000165197 0.000165197 0.015583
9.0 40.00000 -2.48000 0.23444E+01 0.000113571 0.000144171 0.000144171 0.0162988
9.0 40.00000 -2.48000 0.23578E+01 0.00010585 0.000134899 0.000134899 0.0166367
9.0 40.00000 -2.48000 0.23711E+01 9.36845e-05 0.00011985 0.00011985 0.0178063
9.0 40.00000 -2.48000 0.23843E+01 8.4034e-05 0.00010783 0.00010783 0.0188445
9.0 40.00000 -2.48000 0.23974E+01 7.95748e-05 0.000102458 0.000102458 0.0194839
9.0 40.00000 -2.48000 0.24104E+01 7.06892e-05 9.14504e-05 9.14504e-05 0.020832
9.0 40.00000 -2.48000 0.24233E+01 6.26071e-05 8.13028e-05 8.13028e-05 0.0222168
9.0 40.00000 -2.48000 0.24361E+01 6.0081e-05 7.82707e-05 7.82707e-05 0.0225413
9.0 40.00000 -2.48000 0.24488E+01 5.13148e-05 6.70912e-05 6.70912e-05 0.0245423
9.0 40.00000 -2.48000 0.24615E+01 4.59553e-05 6.03126e-05 6.03126e-05 0.0261472
9.0 40.00000 -2.48000 0.24740E+01 3.97809e-05 5.23901e-05 5.23901e-05 0.0277135
9.0 40.00000 -2.48000 0.24864E+01 3.6899e-05 4.87428e-05 4.87428e-05 0.0288668
9.0 40.00000 -2.48000 0.24987E+01 3.35487e-05 4.44392e-05 4.44392e-05 0.0305572
9.0 40.00000 -2.48000 0.25110E+01 2.87618e-05 3.82085e-05 3.82085e-05 0.0328448
9.0 40.00000 -2.48000 0.25231E+01 2.66462e-05 3.55209e-05 3.55209e-05 0.0348031
9.0 40.00000 -2.48000 0.25352E+01 2.36402e-05 3.15941e-05 3.15941e-05 0.0365386
9.0 40.00000 -2.48000 0.25471E+01 2.26863e-05 3.03838e-05 3.03838e-05 0.0373982
9.0 40.00000 -2.48000 0.25590E+01 1.93729e-05 2.60116e-05 2.60116e-05 0.0415644
9.0 40.00000 -2.48000 0.25708E+01 1.67733e-05 2.25774e-05 2.25774e-05 0.043811
9.0 40.00000 -2.48000 0.25825E+01 1.55633e-05 2.09938e-05 2.09938e-05 0.0456448
9.0 40.00000 -2.48000 0.25941E+01 1.27777e-05 1.72604e-05 1.72604e-05 0.0508333
9.0 40.00000 -2.48000 0.26057E+01 1.20556e-05 1.63148e-05 1.63148e-05 0.0556399
9.0 40.00000 -2.48000 0.26171E+01 1.10682e-05 1.5007e-05 1.5007e-05 0.0579293
9.0 40.00000 -2.48000 0.26285E+01 9.07762e-06 1.23209e-05 1.23209e-05 0.0696259
9.0 40.00000 -2.48000 0.26398E+01 8.55005e-06 1.16121e-05 1.16121e-05 0.0707125
9.0 40.00000 -2.48000 0.26510E+01 8.18786e-06 1.11322e-05 1.11322e-05 0.0749542
9.0 40.00000 -2.48000 0.26621E+01 7.15206e-06 9.73929e-06 9.73929e-06 0.0842127
9.0 40.00000 -2.48000 0.26731E+01 6.08919e-06 8.28759e-06 8.28759e-06 0.0971278
9.0 40.00000 -2.48000 0.26841E+01 5.57796e-06 7.58657e-06 7.58657e-06 0.106601
9.0 40.00000 -2.48000 0.26950E+01 4.01763e-06 5.46762e-06 5.46762e-06 0.133629
9.0 40.00000 -2.90000 0.26450E+01 8.51339e-06 1.15681e-05 1.15681e-05 0.0737194
9.0 40.00000 -2.90000 0.26621E+01 6.33429e-06 8.6257e-06 8.6257e-06 0.0810148
9.0 40.00000 -2.90000 0.26791E+01 5.97652e-06 8.12824e-06 8.12824e-06 0.0773829
9.0 40.00000 -2.90000 0.26960E+01 4.96627e-06 6.75863e-06 6.75863e-06 0.0811075
9.0 40.00000 -2.90000 0.27126E+01 3.67243e-06 4.98945e-06 4.98945e-06 0.0921506
9.0 40.00000 -2.90000 0.27291E+01 3.32728e-06 4.50196e-06 4.50196e-06 0.0932507
9.0 40.00000 -2.90000 0.27453E+01 3.21931e-06 4.36488e-06 4.36488e-06 0.0932507
9.0 40.00000 -2.90000 0.27614E+01 2.76162e-06 3.74405e-06 3.74405e-06 0.101535
9.0 40.00000 -2.90000 0.27774E+01 2.14281e-06 2.90826e-06 2.90826e-06 0.118019
9.0 40.00000 -2.90000 0.27931E+01 1.57422e-06 2.14128e-06 2.14128e-06 0.134841
9.0 40.00000 -2.90000 0.28087E+01 1.80857e-06 2.45969e-06 2.45969e-06 0.130386
9.0 40.00000 -2.90000 0.28242E+01 1.17313e-06 1.59882e-06 1.59882e-06 0.158114
9.0 40.00000 -2.90000 0.28395E+01 1.38315e-06 1.88931e-06 1.88931e-06 0.145865
9.0 40.00000 -2.90000 0.28546E+01 1.10842e-06 1.5154e-06 1.5154e-06 0.164399
9.0 40.00000 -2.90000 0.28695E+01 6.82213e-07 9.35055e-07 9.35055e-07 0.223418
9.0 40.00000 -2.90000 0.28843E+01 6.37581e-07 8.76298e-07 8.76298e-07 0.218218
9.0 40.00000 -2.90000 0.28990E+01 6.37267e-07 8.76945e-07 8.76945e-07 0.218218
9.0 40.00000 -2.90000 0.29135E+01 5.41508e-07 7.47243e-07 7.47243e-07 0.257181
9.0 40.00000 -2.90000 0.29279E+01 3.42509e-07 4.74043e-07 4.74043e-07 0.301511
9.0 40.00000 -2.90000 0.29421E+01 5.00265e-07 6.93449e-07 6.93449e-07 0.250004
9.0 40.00000 -2.90000 0.29562E+01 4.67851e-07 6.50626e-07 6.50626e-07 0.258188
9.0 40.00000 -2.90000 0.29701E+01 1.91847e-07 2.67546e-07 2.67546e-07 0.408239
9.0 40.00000 -2.90000 0.29839E+01 2.57941e-07 3.60311e-07 3.60311e-07 0.353554
9.0 40.00000 -2.90000 0.29976E+01 6.51081e-08 9.12173e-08 9.12173e-08 0.707147
9.0 40.00000 -2.90000 0.30111E+01 2.62703e-07 3.69125e-07 3.69125e-07 0.353554
9.0 40.00000 -2.90000 0.30245E+01 2.00015e-07 2.81364e-07 2.81364e-07 0.408239
9.0 40.00000 -2.90000 0.30378E+01 3.35325e-08 4.72776e-08 4.72776e-08 1
9.0 40.00000 -2.90000 0.30509E+01 1.02896e-07 1.45427e-07 1.45427e-07 0.577347
9.0 40.00000 -2.90000 0.30640E+01 1.81877e-07 2.57691e-07 2.57691e-07 0.447227
9.0 40.00000 -2.90000 0.30769E+01 3.92652e-08 5.57415e-08 5.57415e-08 1
9.0 40.00000 -2.90000 0.30896E+01 4.23393e-08 6.02698e-08 6.02698e-08 1
9.0 40.00000 -2.90000 0.31148E+01 5.23602e-08 7.48497e-08 7.48497e-08 1
9.0 40.00000 -2.90000 0.31272E+01 1.16698e-07 1.67291e-07 1.67291e-07 0.707147
9.0 40.00000 -2.90000 0.31517E+01 7.72045e-08 1.11077e-07 1.11077e-07 1
9.0 50.00000 -0.86000 0.78401E+00 0.00840787 0.00633669 0.00633669 0.0363233
9.0 50.00000 -0.86000 0.78844E+00 0.00939897 0.00711839 0.00711839 0.0312906
9.0 50.00000 -0.86000 0.79285E+00 0.00877613 0.00667902 0.00667902 0.0310807
9.0 50.00000 -0.86000 0.79726E+00 0.00903841 0.00691185 0.00691185 0.0292539
9.0 50.00000 -0.86000 0.80167E+00 0.0084008 0.00645506 0.00645506 0.0289987
9.0 50.00000 -0.86000 0.80606E+00 0.00821007 0.00633852 0.00633852 0.028412
9.0 50.00000 -0.86000 0.81045E+00 0.00833015 0.00646151 0.00646151 0.0270327
9.0 50.00000 -0.86000 0.81482E+00 0.0082521 0.00643098 0.00643098 0.0261498
9.0 50.00000 -0.86000 0.81920E+00 0.00747304 0.00585034 0.00585034 0.0271654
9.0 50.00000 -0.86000 0.82356E+00 0.00799603 0.0062882 0.0062882 0.0255316
9.0 50.00000 -0.86000 0.82791E+00 0.00753288 0.00595061 0.00595061 0.0262073
9.0 50.00000 -0.86000 0.83226E+00 0.00749275 0.00594539 0.00594539 0.0262752
9.0 50.00000 -0.86000 0.83660E+00 0.00732726 0.00583984 0.00583984 0.026649
9.0 50.00000 -0.86000 0.84093E+00 0.00725489 0.00580817 0.00580817 0.0266409
9.0 50.00000 -0.86000 0.84526E+00 0.00692607 0.00556892 0.00556892 0.0273874
9.0 50.00000 -0.86000 0.84958E+00 0.00728795 0.00588398 0.00588398 0.0263421
9.0 50.00000 -0.86000 0.85388E+00 0.00706784 0.00572963 0.00572963 0.0264017
9.0 50.00000 -0.86000 0.85819E+00 0.00691571 0.00563047 0.00563047 0.0268025
9.0 50.00000 -0.86000 0.86248E+00 0.00661021 0.00540506 0.00540506 0.0275097
9.0 50.00000 -0.86000 0.86677E+00 0.00661709 0.00543328 0.00543328 0.027325
9.0 50.00000 -0.86000 0.87105E+00 0.00678991 0.00559845 0.00559845 0.0264883
9.0 50.00000 -0.86000 0.87532E+00 0.00677324 0.00560724 0.00560724 0.0265434
9.0 50.00000 -0.86000 0.87958E+00 0.00642547 0.00534051 0.00534051 0.0274028
9.0 50.00000 -0.86000 0.88384E+00 0.00637079 0.00531611 0.00531611 0.0274508
9.0 50.00000 -0.86000 0.88809E+00 0.0061209 0.00512758 0.00512758 0.0281445
9.0 50.00000 -0.86000 0.89233E+00 0.00641371 0.00539374 0.00539374 0.0272132
9.0 50.00000 -0.86000 0.89657E+00 0.00611999 0.00516635 0.00516635 0.0280788
9.0 50.00000 -0.86000 0.90080E+00 0.00619137 0.00524678 0.00524678 0.0283839
9.0 50.00000 -0.86000 0.90502E+00 0.00582835 0.00495759 0.00495759 0.0302356
9.0 50.00000 -0.86000 0.90923E+00 0.00581955 0.00496858 0.00496858 0.030843
9.0 50.00000 -0.86000 0.91344E+00 0.00575864 0.00493535 0.00493535 0.0316672
9.0 50.00000 -0.86000 0.91763E+00 0.00550054 0.00473123 0.00473123 0.0338482
9.0 50.00000 -0.86000 0.92183E+00 0.00571627 0.00493436 0.00493436 0.0341365
9.0 50.00000 -0.86000 0.92601E+00 0.00535096 0.00463531 0.00463531 0.0367235
9.0 50.00000 -0.86000 0.93019E+00 0.0047925 0.00416626 0.00416626 0.0415662
9.0 50.00000 -0.86000 0.93436E+00 0.00529303 0.00461724 0.00461724 0.0407104
9.0 50.00000 -1.00000 0.91166E+00 0.00591203 0.00505885 0.00505885 0.0211273
9.0 50.00000 -1.00000 0.91683E+00 0.00569659 0.00489648 0.00489648 0.0201775
9.0 50.00000 -1.00000 0.92200E+00 0.00574107 0.00495652 0.00495652 0.0189852
9.0 50.00000 -1.00000 0.92715E+00 0.0053883 0.00467204 0.00467204 0.0187507
9.0 50.00000 -1.00000 0.93229E+00 0.005393 0.00469647 0.00469647 0.0179533
9.0 50.00000 -1.00000 0.93743E+00 0.00533333 0.00466369 0.00466369 0.0173743
9.0 50.00000 -1.00000 0.94255E+00 0.00523192 0.00459409 0.00459409 0.0169534
9.0 50.00000 -1.00000 0.94766E+00 0.00499748 0.00440591 0.00440591 0.0168445
9.0 50.00000 -1.00000 0.95276E+00 0.00489445 0.00433282 0.00433282 0.0166942
9.0 50.00000 -1.00000 0.95785E+00 0.00485193 0.00431185 0.00431185 0.0165449
9.0 50.00000 -1.00000 0.96292E+00 0.00473346 0.00422308 0.00422308 0.0166821
9.0 50.00000 -1.00000 0.96799E+00 0.00469503 0.00420455 0.00420455 0.0167223
9.0 50.00000 -1.00000 0.97305E+00 0.004492 0.00403817 0.00403817 0.0170804
9.0 50.00000 -1.00000 0.97809E+00 0.00457508 0.00412826 0.00412826 0.0167979
9.0 50.00000 -1.00000 0.98313E+00 0.00438491 0.0039713 0.0039713 0.0171436
9.0 50.00000 -1.00000 0.98815E+00 0.00439437 0.0039937 0.0039937 0.0170804
9.0 50.00000 -1.00000 0.99317E+00 0.00421865 0.00384749 0.00384749 0.0173347
9.0 50.00000 -1.00000 0.99817E+00 0.0040352 0.00369263 0.00369263 0.0177105
9.0 50.00000 -1.00000 0.10032E+01 0.00397071 0.00364625 0.00364625 0.0178795
9.0 50.00000 -1.00000 0.10081E+01 0.00395833 0.00364666 0.00364666 0.0177968
9.0 50.00000 -1.00000 0.10131E+01 0.00397346 0.00367271 0.00367271 0.0177757
9.0 50.00000 -1.00000 0.10181E+01 0.00393817 0.00365138 0.00365138 0.0178182
9.0 50.00000 -1.00000 0.10230E+01 0.00383861 0.00357035 0.00357035 0.018069
9.0 50.00000 -1.00000 0.10280E+01 0.003714 0.00346505 0.00346505 0.0182819
9.0 50.00000 -1.00000 0.10329E+01 0.00368066 0.00344481 0.00344481 0.018447
9.0 50.00000 -1.00000 0.10378E+01 0.00353696 0.0033204 0.0033204 0.0188191
9.0 50.00000 -1.00000 0.10427E+01 0.00354653 0.00333931 0.00333931 0.018864
9.0 50.00000 -1.00000 0.10476E+01 0.00351698 0.00332079 0.00332079 0.0193627
9.0 50.00000 -1.00000 0.10525E+01 0.0034099 0.00322896 0.00322896 0.0199768
9.0 50.00000 -1.00000 0.10574E+01 0.0034273 0.0032543 0.0032543 0.0205007
9.0 50.00000 -1.00000 0.10623E+01 0.00319601 0.00304316 0.00304316 0.0217705
9.0 50.00000 -1.00000 0.10671E+01 0.00315909 0.00301608 0.00301608 0.0226887
9.0 50.00000 -1.00000 0.10720E+01 0.00319542 0.00305927 0.00305927 0.023326
9.0 50.00000 -1.00000 0.10768E+01 0.00310107 0.00297675 0.00297675 0.0247179
9.0 50.00000 -1.00000 0.10817E+01 0.0029689 0.00285719 0.00285719 0.026616
9.0 50.00000 -1.00000 0.10865E+01 0.00280988 0.00271103 0.00271103 0.0287567
9.0 50.00000 -1.17000 0.10667E+01 0.00313801 0.00299517 0.00299517 0.0133872
9.0 50.00000 -1.17000 0.10728E+01 0.00314017 0.00300768 0.00300768 0.012549
9.0 50.00000 -1.17000 0.10789E+01 0.00300811 0.00289063 0.00289063 0.0121794
9.0 50.00000 -1.17000 0.10849E+01 0.00292834 0.00282305 0.00282305 0.0116939
9.0 50.00000 -1.17000 0.10910E+01 0.00290612 0.00281069 0.00281069 0.0113421
9.0 50.00000 -1.17000 0.10970E+01 0.00284009 0.00275562 0.00275562 0.0109805
9.0 50.00000 -1.17000 0.11030E+01 0.0027067 0.00263447 0.00263447 0.0108507
9.0 50.00000 -1.17000 0.11090E+01 0.00263428 0.00257148 0.00257148 0.0106991
9.0 50.00000 -1.17000 0.11150E+01 0.00259793 0.00254358 0.00254358 0.0105425
9.0 50.00000 -1.17000 0.11210E+01 0.0024723 0.00242762 0.00242762 0.0108073
9.0 50.00000 -1.17000 0.11270E+01 0.00249532 0.00245707 0.00245707 0.0107328
9.0 50.00000 -1.17000 0.11329E+01 0.00242117 0.00239074 0.00239074 0.0107773
9.0 50.00000 -1.17000 0.11389E+01 0.00234788 0.00232513 0.00232513 0.010976
9.0 50.00000 -1.17000 0.11448E+01 0.00231653 0.00230078 0.00230078 0.0110011
9.0 50.00000 -1.17000 0.11507E+01 0.00221132 0.00220239 0.00220239 0.0112572
9.0 50.00000 -1.17000 0.11566E+01 0.00213972 0.00213664 0.00213664 0.0114963
9.0 50.00000 -1.17000 0.11624E+01 0.00212965 0.00213234 0.00213234 0.0114556
9.0 50.00000 -1.17000 0.11683E+01 0.00208858 0.0020965 0.0020965 0.0115446
9.0 50.00000 -1.17000 0.11741E+01 0.0020366 0.00204949 0.00204949 0.011676
9.0 50.00000 -1.17000 0.11799E+01 0.00197828 0.00199591 0.00199591 0.0118335
9.0 50.00000 -1.17000 0.11858E+01 0.00190108 0.00192281 0.00192281 0.0121402
9.0 50.00000 -1.17000 0.11916E+01 0.00187637 0.00190254 0.00190254 0.0121501
9.0 50.00000 -1.17000 0.11973E+01 0.00177215 0.00180133 0.00180133 0.0125247
9.0 50.00000 -1.17000 0.12031E+01 0.00178911 0.00182326 0.00182326 0.0123778
9.0 50.00000 -1.17000 0.12089E+01 0.00172464 0.00176156 0.00176156 0.0126243
9.0 50.00000 -1.17000 0.12146E+01 0.00165441 0.00169383 0.00169383 0.0128607
9.0 50.00000 -1.17000 0.12203E+01 0.00162869 0.00167143 0.00167143 0.0131042
9.0 50.00000 -1.17000 0.12260E+01 0.00160137 0.00164711 0.00164711 0.0135311
9.0 50.00000 -1.17000 0.12317E+01 0.00161041 0.00166014 0.00166014 0.0137514
9.0 50.00000 -1.17000 0.12374E+01 0.0015322 0.00158307 0.00158307 0.0144392
9.0 50.00000 -1.17000 0.12431E+01 0.00149012 0.0015432 0.0015432 0.015006
9.0 50.00000 -1.17000 0.12487E+01 0.0014243 0.0014782 0.0014782 0.0160483
9.0 50.00000 -1.17000 0.12544E+01 0.00140864 0.00146507 0.00146507 0.0165799
9.0 50.00000 -1.17000 0.12600E+01 0.0013818 0.0014405 0.0014405 0.0175318
9.0 50.00000 -1.17000 0.12656E+01 0.001316 0.0013751 0.0013751 0.018967
9.0 50.00000 -1.17000 0.12712E+01 0.00124862 0.00130758 0.00130758 0.0205473
9.0 50.00000 -1.36000 0.12399E+01 0.00148978 0.00154089 0.00154089 0.0118685
9.0 50.00000 -1.36000 0.12471E+01 0.00144158 0.00149525 0.00149525 0.0113435
9.0 50.00000 -1.36000 0.12542E+01 0.00141975 0.00147663 0.00147663 0.0107585
9.0 50.00000 -1.36000 0.12613E+01 0.00135171 0.00140995 0.00140995 0.0104981
9.0 50.00000 -1.36000 0.12684E+01 0.00133074 0.00139211 0.00139211 0.0102106
9.0 50.00000 -1.36000 0.12755E+01 0.00126348 0.00132545 0.00132545 0.0100703
9.0 50.00000 -1.36000 0.12825E+01 0.00122198 0.00128524 0.00128524 0.0099576
9.0 50.00000 -1.36000 0.12896E+01 0.00116036 0.0012236 0.0012236 0.00989705
9.0 50.00000 -1.36000 0.12966E+01 0.00112276 0.00118701 0.00118701 0.00992242
9.0 50.00000 -1.36000 0.13035E+01 0.00112517 0.0011925 0.0011925 0.00992892
9.0 50.00000 -1.36000 0.13105E+01 0.0010787 0.0011463 0.0011463 0.0101021
9.0 50.00000 -1.36000 0.13174E+01 0.00101488 0.00108145 0.00108145 0.0103849
9.0 50.00000 -1.36000 0.13243E+01 0.000982111 0.00104981 0.00104981 0.0106569
9.0 50.00000 -1.36000 0.13312E+01 0.000944396 0.00101208 0.00101208 0.0108674
9.0 50.00000 -1.36000 0.13381E+01 0.000922514 0.000991061 0.000991061 0.010981
9.0 50.00000 -1.36000 0.13450E+01 0.000894307 0.000962739 0.000962739 0.0110012
9.0 50.00000 -1.36000 0.13518E+01 0.000840506 0.000907022 0.000907022 0.0114266
9.0 50.00000 -1.36000 0.13586E+01 0.000827855 0.000895787 0.000895787 0.0116404
9.0 50.00000 -1.36000 0.13654E+01 0.000775172 0.000841211 0.000841211 0.011914
9.0 50.00000 -1.36000 0.13722E+01 0.00076898 0.000836908 0.000836908 0.0120105
9.0 50.00000 -1.36000 0.13789E+01 0.000740779 0.00080832 0.00080832 0.0122095
9.0 50.00000 -1.36000 0.13856E+01 0.000726526 0.000794611 0.000794611 0.0123556
9.0 50.00000 -1.36000 0.13923E+01 0.000675365 0.000740293 0.000740293 0.012838
9.0 50.00000 -1.36000 0.13990E+01 0.000658591 0.00072363 0.00072363 0.0129606
9.0 50.00000 -1.36000 0.14057E+01 0.000641461 0.000706487 0.000706487 0.0132078
9.0 50.00000 -1.36000 0.14123E+01 0.000592946 0.000654981 0.000654981 0.0136478
9.0 50.00000 -1.36000 0.14189E+01 0.000587719 0.000650997 0.000650997 0.0138359
9.0 50.00000 -1.36000 0.14255E+01 0.000570295 0.000633325 0.000633325 0.0142662
9.0 50.00000 -1.36000 0.14321E+01 0.000551145 0.000613461 0.000613461 0.0148911
9.0 50.00000 -1.36000 0.14387E+01 0.000538458 0.000600581 0.000600581 0.0154758
9.0 50.00000 -1.36000 0.14452E+01 0.000501711 0.00056074 0.00056074 0.016545
9.0 50.00000 -1.36000 0.14518E+01 0.000495295 0.000555486 0.000555486 0.017292
9.0 50.00000 -1.36000 0.14583E+01 0.000456745 0.000513833 0.000513833 0.0186207
9.0 50.00000 -1.36000 0.14648E+01 0.000434442 0.000490166 0.000490166 0.0201169
9.0 50.00000 -1.36000 0.14712E+01 0.000429112 0.000485271 0.000485271 0.0214009
9.0 50.00000 -1.36000 0.14777E+01 0.000411841 0.000466951 0.000466951 0.0228252
9.0 50.00000 -1.59000 0.14497E+01 0.000512502 0.000574157 0.000574157 0.0115459
9.0 50.00000 -1.59000 0.14581E+01 0.000486384 0.000547128 0.000547128 0.0110839
9.0 50.00000 -1.59000 0.14666E+01 0.000467493 0.000527782 0.000527782 0.0105761
9.0 50.00000 -1.59000 0.14750E+01 0.000438258 0.000496318 0.000496318 0.0104561
9.0 50.00000 -1.59000 0.14833E+01 0.000418411 0.000475556 0.000475556 0.0102422
9.0 50.00000 -1.59000 0.14917E+01 0.000386503 0.000440594 0.000440594 0.0102739
9.0 50.00000 -1.59000 0.15000E+01 0.000374128 0.000427655 0.000427655 0.0101209
9.0 50.00000 -1.59000 0.15083E+01 0.000353828 0.00040578 0.00040578 0.0101766
9.0 50.00000 -1.59000 0.15165E+01 0.000328864 0.000378493 0.000378493 0.0105714
9.0 50.00000 -1.59000 0.15247E+01 0.000320437 0.000369937 0.000369937 0.0107203
9.0 50.00000 -1.59000 0.15329E+01 0.000299069 0.000346261 0.000346261 0.0110623
9.0 50.00000 -1.59000 0.15411E+01 0.000281305 0.000326271 0.000326271 0.0114448
9.0 50.00000 -1.59000 0.15492E+01 0.000267121 0.000310369 0.000310369 0.0116509
9.0 50.00000 -1.59000 0.15573E+01 0.00025396 0.000295926 0.000295926 0.0120984
9.0 50.00000 -1.59000 0.15653E+01 0.00023898 0.00027986 0.00027986 0.0123439
9.0 50.00000 -1.59000 0.15733E+01 0.000221413 0.000260518 0.000260518 0.0128743
9.0 50.00000 -1.59000 0.15813E+01 0.000208097 0.000244657 0.000244657 0.0131455
9.0 50.00000 -1.59000 0.15893E+01 0.000203383 0.00023913 0.00023913 0.0135089
9.0 50.00000 -1.59000 0.15972E+01 0.000186342 0.000219353 0.000219353 0.0140953
9.0 50.00000 -1.59000 0.16051E+01 0.000177661 0.000209455 0.000209455 0.0143778
9.0 50.00000 -1.59000 0.16130E+01 0.000168198 0.000198679 0.000198679 0.0148288
9.0 50.00000 -1.59000 0.16208E+01 0.000155637 0.000184164 0.000184164 0.015318
9.0 50.00000 -1.59000 0.16287E+01 0.000146286 0.000173326 0.000173326 0.0160039
9.0 50.00000 -1.59000 0.16364E+01 0.000140143 0.000166204 0.000166204 0.0161595
9.0 50.00000 -1.59000 0.16442E+01 0.000133146 0.000158052 0.000158052 0.0168058
9.0 50.00000 -1.59000 0.16519E+01 0.000123595 0.000146884 0.000146884 0.0174645
9.0 50.00000 -1.59000 0.16596E+01 0.000116433 0.000138567 0.000138567 0.0179649
9.0 50.00000 -1.59000 0.16673E+01 0.000112659 0.000134314 0.000134314 0.0187048
9.0 50.00000 -1.59000 0.16749E+01 0.000104411 0.000124743 0.000124743 0.0197697
9.0 50.00000 -1.59000 0.16825E+01 9.8804e-05 0.000118433 0.000118433 0.020706
9.0 50.00000 -1.59000 0.16901E+01 9.42432e-05 0.000113448 0.000113448 0.0222258
9.0 50.00000 -1.59000 0.16977E+01 8.24464e-05 9.96706e-05 9.96706e-05 0.0244521
9.0 50.00000 -1.59000 0.17052E+01 7.73811e-05 9.39184e-05 9.39184e-05 0.0265437
9.0 50.00000 -1.59000 0.17127E+01 7.76978e-05 9.46757e-05 9.46757e-05 0.0275868
9.0 50.00000 -1.59000 0.17202E+01 6.97172e-05 8.52941e-05 8.52941e-05 0.0305929
9.0 50.00000 -1.59000 0.17276E+01 6.42587e-05 7.88777e-05 7.88777e-05 0.0345764
9.0 50.00000 -1.86000 0.16959E+01 8.69643e-05 0.000105034 0.000105034 0.0322496
9.0 50.00000 -1.86000 0.17060E+01 8.06194e-05 9.78815e-05 9.78815e-05 0.0303464
9.0 50.00000 -1.86000 0.17160E+01 7.81699e-05 9.54218e-05 9.54218e-05 0.0294181
9.0 50.00000 -1.86000 0.17260E+01 6.91043e-05 8.47836e-05 8.47836e-05 0.0288768
9.0 50.00000 -1.86000 0.17359E+01 6.45793e-05 7.94992e-05 7.94992e-05 0.0289885
9.0 50.00000 -1.86000 0.17458E+01 5.87192e-05 7.24853e-05 7.24853e-05 0.0292083
9.0 50.00000 -1.86000 0.17556E+01 5.58614e-05 6.90746e-05 6.90746e-05 0.0293864
9.0 50.00000 -1.86000 0.17654E+01 5.07946e-05 6.30043e-05 6.30043e-05 0.0305448
9.0 50.00000 -1.86000 0.17751E+01 4.70138e-05 5.84809e-05 5.84809e-05 0.0312844
9.0 50.00000 -1.86000 0.17848E+01 4.18074e-05 5.21345e-05 5.21345e-05 0.0343459
9.0 50.00000 -1.86000 0.17944E+01 3.83872e-05 4.79936e-05 4.79936e-05 0.0352903
9.0 50.00000 -1.86000 0.18040E+01 3.25627e-05 4.0808e-05 4.0808e-05 0.0382093
9.0 50.00000 -1.86000 0.18136E+01 3.4536e-05 4.34454e-05 4.34454e-05 0.0374474
9.0 50.00000 -1.86000 0.18231E+01 2.83803e-05 3.5819e-05 3.5819e-05 0.0407194
9.0 50.00000 -1.86000 0.18325E+01 2.50499e-05 3.17164e-05 3.17164e-05 0.0434004
9.0 50.00000 -1.86000 0.18419E+01 2.28718e-05 2.90223e-05 2.90223e-05 0.0485117
9.0 50.00000 -1.86000 0.18513E+01 2.07566e-05 2.641e-05 2.641e-05 0.0508392
9.0 50.00000 -1.86000 0.18606E+01 1.82957e-05 2.33547e-05 2.33547e-05 0.0539737
9.0 50.00000 -1.86000 0.18699E+01 1.66983e-05 2.13898e-05 2.13898e-05 0.0568232
9.0 50.00000 -1.86000 0.18791E+01 1.69169e-05 2.17381e-05 2.17381e-05 0.0519884
9.0 50.00000 -1.86000 0.18883E+01 1.57951e-05 2.03392e-05 2.03392e-05 0.0563617
9.0 50.00000 -1.86000 0.18974E+01 1.41567e-05 1.82659e-05 1.82659e-05 0.0564336
9.0 50.00000 -1.86000 0.19065E+01 1.18511e-05 1.53375e-05 1.53375e-05 0.0643866
9.0 50.00000 -1.86000 0.19156E+01 9.94638e-06 1.29122e-05 1.29122e-05 0.0761849
9.0 50.00000 -1.86000 0.19246E+01 9.76754e-06 1.27154e-05 1.27154e-05 0.074469
9.0 50.00000 -1.86000 0.19336E+01 8.53958e-06 1.11331e-05 1.11331e-05 0.076686
9.0 50.00000 -1.86000 0.19425E+01 9.04294e-06 1.18166e-05 1.18166e-05 0.071982
9.0 50.00000 -1.86000 0.19514E+01 6.94758e-06 9.09482e-06 9.09482e-06 0.0875511
9.0 50.00000 -1.86000 0.19602E+01 7.20396e-06 9.44955e-06 9.44955e-06 0.0833305
9.0 50.00000 -1.86000 0.19691E+01 6.75367e-06 8.8806e-06 8.8806e-06 0.0883916
9.0 50.00000 -1.86000 0.19778E+01 4.99682e-06 6.58721e-06 6.58721e-06 0.117333
9.0 50.00000 -1.86000 0.19865E+01 4.3848e-06 5.79018e-06 5.79018e-06 0.132196
9.0 50.00000 -1.86000 0.19952E+01 4.27937e-06 5.65082e-06 5.65082e-06 0.143042
9.0 50.00000 -1.86000 0.20039E+01 5.2087e-06 6.88409e-06 6.88409e-06 0.119519
9.0 50.00000 -1.86000 0.20125E+01 3.61032e-06 4.7889e-06 4.7889e-06 0.150756
9.0 50.00000 -1.86000 0.20210E+01 3.47505e-06 4.61898e-06 4.61898e-06 0.1644
9.0 50.00000 -2.17000 0.19787E+01 4.93589e-06 6.50854e-06 6.50854e-06 0.143533
9.0 50.00000 -2.17000 0.19907E+01 5.19461e-06 6.85927e-06 6.85927e-06 0.115481
9.0 50.00000 -2.17000 0.20026E+01 5.58063e-06 7.37482e-06 7.37482e-06 0.103503
9.0 50.00000 -2.17000 0.20145E+01 4.18875e-06 5.5612e-06 5.5612e-06 0.105408
9.0 50.00000 -2.17000 0.20263E+01 2.87883e-06 3.8277e-06 3.8277e-06 0.137306
9.0 50.00000 -2.17000 0.20380E+01 2.75076e-06 3.65417e-06 3.65417e-06 0.121267
9.0 50.00000 -2.17000 0.20496E+01 2.80979e-06 3.74084e-06 3.74084e-06 0.117851
9.0 50.00000 -2.17000 0.20612E+01 1.97963e-06 2.6422e-06 2.6422e-06 0.16367
9.0 50.00000 -2.17000 0.20727E+01 1.89413e-06 2.52541e-06 2.52541e-06 0.144338
9.0 50.00000 -2.17000 0.20841E+01 1.67666e-06 2.23432e-06 2.23432e-06 0.152497
9.0 50.00000 -2.17000 0.20954E+01 1.41467e-06 1.88551e-06 1.88551e-06 0.166667
9.0 50.00000 -2.17000 0.21067E+01 1.08808e-06 1.45063e-06 1.45063e-06 0.243822
9.0 50.00000 -2.17000 0.21179E+01 8.37705e-07 1.11375e-06 1.11375e-06 0.218215
9.0 50.00000 -2.17000 0.21291E+01 9.89722e-07 1.31133e-06 1.31133e-06 0.2
9.0 50.00000 -2.17000 0.21401E+01 2.12681e-07 2.81472e-07 2.81472e-07 0.887397
9.0 50.00000 -2.17000 0.21511E+01 3.75077e-07 4.9674e-07 4.9674e-07 0.55056
9.0 50.00000 -2.17000 0.21621E+01 6.08084e-07 8.0548e-07 8.0548e-07 0.258194
9.0 50.00000 -2.17000 0.21729E+01 7.286e-07 9.65379e-07 9.65379e-07 0.235701
9.0 50.00000 -2.17000 0.21837E+01 6.43504e-07 8.54584e-07 8.54584e-07 0.249992
9.0 50.00000 -2.17000 0.21945E+01 4.12805e-07 5.49021e-07 5.49021e-07 0.316241
9.0 50.00000 -2.17000 0.22052E+01 3.671e-07 4.8822e-07 4.8822e-07 0.333343
9.0 50.00000 -2.17000 0.22158E+01 3.28707e-07 4.37783e-07 4.37783e-07 0.353557
9.0 50.00000 -2.17000 0.22263E+01 1.80881e-07 2.41501e-07 2.41501e-07 1.06742
9.0 50.00000 -2.17000 0.22368E+01 2.8922e-07 3.86692e-07 3.86692e-07 0.377962
9.0 50.00000 -2.17000 0.22472E+01 2.9299e-07 3.9201e-07 3.9201e-07 0.377962
9.0 50.00000 -2.17000 0.22576E+01 1.67865e-07 2.25014e-07 2.25014e-07 0.500011
9.0 50.00000 -2.17000 0.22679E+01 1.71288e-07 2.30125e-07 2.30125e-07 0.500011
9.0 50.00000 -2.17000 0.22782E+01 1.29235e-07 1.73915e-07 1.73915e-07 0.577347
9.0 50.00000 -2.17000 0.22883E+01 8.81273e-08 1.18772e-07 1.18772e-07 0.707105
9.0 50.00000 -2.17000 0.22985E+01 2.34981e-07 3.17301e-07 3.17301e-07 0.447218
9.0 50.00000 -2.17000 0.23085E+01 5.13367e-08 6.94815e-08 6.94815e-08 1
9.0 50.00000 -2.17000 0.23185E+01 2.19628e-07 2.97945e-07 2.97945e-07 0.500011
9.0 50.00000 -2.17000 0.23285E+01 6.12904e-08 8.32798e-08 8.32798e-08 1
9.0 50.00000 -2.17000 0.23384E+01 6.76555e-08 9.21084e-08 9.21084e-08 1
9.0 50.00000 -2.17000 0.23580E+01 1.78439e-07 2.44162e-07 2.44162e-07 0.707105
