12.0 18.00000 -3.74000 0.34129E+01 0.243487 0.263086 0.263086 0.00322152
12.0 18.00000 -3.74000 0.34384E+01 0.239628 0.259976 0.259976 0.00313424
12.0 18.00000 -3.74000 0.34634E+01 0.237939 0.259193 0.259193 0.00304923
12.0 18.00000 -3.74000 0.34879E+01 0.231245 0.252853 0.252853 0.00300309
12.0 18.00000 -3.74000 0.35118E+01 0.226535 0.248612 0.248612 0.00295654
12.0 18.00000 -3.74000 0.35352E+01 0.221164 0.243713 0.243713 0.00294089
12.0 18.00000 -3.74000 0.35582E+01 0.21357 0.236231 0.236231 0.00292814
12.0 18.00000 -3.74000 0.35807E+01 0.211279 0.234456 0.234456 0.00291331
12.0 18.00000 -3.74000 0.36027E+01 0.206528 0.23023 0.23023 0.00292152
12.0 18.00000 -3.74000 0.36243E+01 0.198992 0.222591 0.222591 0.00296217
12.0 18.00000 -3.74000 0.36455E+01 0.193251 0.216664 0.216664 0.00301917
12.0 18.00000 -3.74000 0.36663E+01 0.188158 0.21173 0.21173 0.00310085
12.0 18.00000 -3.74000 0.36866E+01 0.182735 0.206388 0.206388 0.0031621
12.0 18.00000 -3.74000 0.37066E+01 0.176733 0.200096 0.200096 0.00324201
12.0 18.00000 -3.74000 0.37262E+01 0.171616 0.195052 0.195052 0.00331302
12.0 18.00000 -3.74000 0.37454E+01 0.165877 0.189027 0.189027 0.00339257
12.0 18.00000 -3.74000 0.37642E+01 0.161697 0.18484 0.18484 0.0034816
12.0 18.00000 -3.74000 0.37827E+01 0.156417 0.179148 0.179148 0.00356822
12.0 18.00000 -3.74000 0.38009E+01 0.152172 0.174729 0.174729 0.00366323
12.0 18.00000 -3.74000 0.38187E+01 0.145555 0.167618 0.167618 0.00375837
12.0 18.00000 -3.74000 0.38363E+01 0.143492 0.165701 0.165701 0.00384746
12.0 18.00000 -3.74000 0.38535E+01 0.140675 0.162956 0.162956 0.00394633
12.0 18.00000 -3.74000 0.38704E+01 0.134809 0.15644 0.15644 0.0040947
12.0 18.00000 -3.74000 0.38870E+01 0.130421 0.151581 0.151581 0.00425325
12.0 18.00000 -3.74000 0.39033E+01 0.127373 0.148349 0.148349 0.00443847
12.0 18.00000 -3.74000 0.39193E+01 0.119711 0.139639 0.139639 0.00465643
12.0 18.00000 -3.74000 0.39351E+01 0.119169 0.13926 0.13926 0.00484458
12.0 18.00000 -3.74000 0.39506E+01 0.115303 0.135002 0.135002 0.00507752
12.0 18.00000 -3.74000 0.39658E+01 0.10936 0.128217 0.128217 0.00537711
12.0 18.00000 -3.74000 0.39808E+01 0.107289 0.126007 0.126007 0.00564426
12.0 18.00000 -3.74000 0.39955E+01 0.104629 0.123028 0.123028 0.00593686
12.0 18.00000 -3.74000 0.40100E+01 0.101766 0.119827 0.119827 0.00627469
12.0 18.00000 -3.74000 0.40243E+01 0.0977129 0.115233 0.115233 0.00669945
12.0 18.00000 -3.74000 0.40383E+01 0.0957669 0.113113 0.113113 0.007078
12.0 18.00000 -3.74000 0.40521E+01 0.0923181 0.109188 0.109188 0.00754335
12.0 18.00000 -3.74000 0.40657E+01 0.0909116 0.107673 0.107673 0.00804629
12.0 18.00000 -4.37000 0.39918E+01 0.101682 0.119522 0.119522 0.002664
12.0 18.00000 -4.37000 0.40291E+01 0.0942912 0.111265 0.111265 0.00260166
12.0 18.00000 -4.37000 0.40648E+01 0.086645 0.102612 0.102612 0.00260686
12.0 18.00000 -4.37000 0.40990E+01 0.0803453 0.0954535 0.0954535 0.00264003
12.0 18.00000 -4.37000 0.41319E+01 0.0755076 0.0900377 0.0900377 0.00268026
12.0 18.00000 -4.37000 0.41635E+01 0.069652 0.083327 0.083327 0.00276139
12.0 18.00000 -4.37000 0.41940E+01 0.0657903 0.0789753 0.0789753 0.00289514
12.0 18.00000 -4.37000 0.42233E+01 0.061063 0.0734322 0.0734322 0.00305
12.0 18.00000 -4.37000 0.42515E+01 0.0565632 0.0682165 0.0682165 0.00322559
12.0 18.00000 -4.37000 0.42787E+01 0.0524049 0.0634953 0.0634953 0.00339779
12.0 18.00000 -4.37000 0.43049E+01 0.0482343 0.0588411 0.0588411 0.00358911
12.0 18.00000 -4.37000 0.43303E+01 0.0453381 0.0558579 0.0558579 0.00378278
12.0 18.00000 -4.37000 0.43548E+01 0.0419982 0.0523235 0.0523235 0.00397642
12.0 18.00000 -4.37000 0.43784E+01 0.0391346 0.0492374 0.0492374 0.00418169
12.0 18.00000 -4.37000 0.44013E+01 0.0365208 0.0463731 0.0463731 0.00439832
12.0 18.00000 -4.37000 0.44234E+01 0.0332515 0.0426376 0.0426376 0.00465947
12.0 18.00000 -4.37000 0.44448E+01 0.030469 0.0394557 0.0394557 0.00494635
12.0 18.00000 -4.37000 0.44656E+01 0.0282626 0.0369291 0.0369291 0.00521173
12.0 18.00000 -4.37000 0.44857E+01 0.0264487 0.0348716 0.0348716 0.00549879
12.0 18.00000 -4.37000 0.45052E+01 0.0237434 0.0315574 0.0315574 0.00588714
12.0 18.00000 -4.37000 0.45241E+01 0.0217219 0.0290866 0.0290866 0.00623803
12.0 18.00000 -4.37000 0.45425E+01 0.019372 0.026119 0.026119 0.00671152
12.0 18.00000 -4.37000 0.45603E+01 0.0169823 0.0230422 0.0230422 0.00726709
12.0 18.00000 -4.37000 0.45776E+01 0.0151566 0.0206911 0.0206911 0.00782097
12.0 18.00000 -4.37000 0.45944E+01 0.0132208 0.0181438 0.0181438 0.0084621
12.0 18.00000 -4.37000 0.46108E+01 0.0115989 0.0159946 0.0159946 0.00920545
12.0 18.00000 -4.37000 0.46267E+01 0.0102938 0.0142593 0.0142593 0.0102884
12.0 18.00000 -4.37000 0.46421E+01 0.00910699 0.0126641 0.0126641 0.0114173
12.0 18.00000 -4.37000 0.46572E+01 0.00787708 0.0109933 0.0109933 0.0128998
12.0 18.00000 -4.37000 0.46718E+01 0.00708691 0.00992314 0.00992314 0.0143813
12.0 18.00000 -4.37000 0.46861E+01 0.00608318 0.00854034 0.00854034 0.0163322
12.0 18.00000 -4.37000 0.47000E+01 0.00520628 0.00732651 0.00732651 0.0189017
12.0 18.00000 -4.37000 0.47136E+01 0.00457289 0.00644896 0.00644896 0.021286
12.0 18.00000 -4.37000 0.47268E+01 0.00389942 0.00550923 0.00550923 0.0243396
12.0 18.00000 -4.37000 0.47397E+01 0.00355122 0.00502605 0.00502605 0.0277456
12.0 18.00000 -4.37000 0.47522E+01 0.00282359 0.00400292 0.00400292 0.0334261
12.0 18.00000 -5.10000 0.46829E+01 0.00598291 0.0083945 0.0083945 0.00232374
12.0 18.00000 -5.10000 0.47656E+01 0.00250498 0.00355728 0.00355728 0.00338262
12.0 18.00000 -5.10000 0.48366E+01 0.00117799 0.00168274 0.00168274 0.00522479
12.0 18.00000 -5.10000 0.48982E+01 0.000601804 0.000863756 0.000863756 0.00783549
12.0 18.00000 -5.10000 0.49521E+01 0.000325972 0.000471602 0.000471602 0.0112199
12.0 18.00000 -5.10000 0.49997E+01 0.000186335 0.000271453 0.000271453 0.0157235
12.0 18.00000 -5.10000 0.50420E+01 0.00010178 0.000149424 0.000149424 0.022299
12.0 18.00000 -5.10000 0.50800E+01 6.33284e-05 9.37933e-05 9.37933e-05 0.0293612
12.0 18.00000 -5.10000 0.51141E+01 3.61849e-05 5.40334e-05 5.40334e-05 0.0406905
12.0 18.00000 -5.10000 0.51450E+01 2.05509e-05 3.09211e-05 3.09211e-05 0.0558148
12.0 18.00000 -5.10000 0.51731E+01 1.30926e-05 1.98394e-05 1.98394e-05 0.0723564
12.0 18.00000 -5.10000 0.51988E+01 8.61132e-06 1.31337e-05 1.31337e-05 0.0928481
12.0 18.00000 -5.10000 0.52223E+01 5.57041e-06 8.54847e-06 8.54847e-06 0.117038
12.0 18.00000 -5.10000 0.52440E+01 3.21403e-06 4.95996e-06 4.95996e-06 0.160126
12.0 18.00000 -5.10000 0.52640E+01 1.54697e-06 2.40039e-06 2.40039e-06 0.235715
12.0 18.00000 -5.10000 0.52825E+01 1.45677e-06 2.27217e-06 2.27217e-06 0.250004
12.0 18.00000 -5.10000 0.52997E+01 1.05191e-06 1.64837e-06 1.64837e-06 0.301514
12.0 18.00000 -5.10000 0.53157E+01 3.00513e-07 4.73046e-07 4.73046e-07 0.577357
12.0 18.00000 -5.10000 0.53307E+01 4.0883e-07 6.46331e-07 6.46331e-07 0.499995
12.0 18.00000 -5.10000 0.53447E+01 2.17737e-07 3.45675e-07 3.45675e-07 0.707109
12.0 18.00000 -5.10000 0.53578E+01 3.37567e-07 5.37921e-07 5.37921e-07 0.577357
12.0 18.00000 -5.10000 0.53702E+01 1.17798e-07 1.88421e-07 1.88421e-07 1
12.0 18.00000 -5.10000 0.53818E+01 3.48925e-07 5.60171e-07 5.60171e-07 0.577357
12.0 18.00000 -5.10000 0.53927E+01 1.20019e-07 1.93352e-07 1.93352e-07 1
12.0 22.00000 -2.95000 0.26906E+01 0.11512 0.118502 0.118502 0.0051423
12.0 22.00000 -2.95000 0.27082E+01 0.113843 0.117496 0.117496 0.00497446
12.0 22.00000 -2.95000 0.27256E+01 0.112663 0.116583 0.116583 0.00485512
12.0 22.00000 -2.95000 0.27428E+01 0.110601 0.114771 0.114771 0.00473623
12.0 22.00000 -2.95000 0.27598E+01 0.111111 0.11559 0.11559 0.00461832
12.0 22.00000 -2.95000 0.27766E+01 0.107751 0.112376 0.112376 0.00454823
12.0 22.00000 -2.95000 0.27932E+01 0.105766 0.110571 0.110571 0.00449979
12.0 22.00000 -2.95000 0.28097E+01 0.103881 0.108882 0.108882 0.00446087
12.0 22.00000 -2.95000 0.28259E+01 0.101073 0.106193 0.106193 0.00445261
12.0 22.00000 -2.95000 0.28420E+01 0.0999784 0.105313 0.105313 0.00438918
12.0 22.00000 -2.95000 0.28579E+01 0.09863 0.10414 0.10414 0.00438112
12.0 22.00000 -2.95000 0.28737E+01 0.0954694 0.101043 0.101043 0.00443142
12.0 22.00000 -2.95000 0.28892E+01 0.0936124 0.0993025 0.0993025 0.00449062
12.0 22.00000 -2.95000 0.29046E+01 0.0924999 0.0983642 0.0983642 0.00452056
12.0 22.00000 -2.95000 0.29199E+01 0.0924503 0.0985433 0.0985433 0.00457523
12.0 22.00000 -2.95000 0.29349E+01 0.0900786 0.0962412 0.0962412 0.00463478
12.0 22.00000 -2.95000 0.29498E+01 0.0873248 0.0935274 0.0935274 0.00471265
12.0 22.00000 -2.95000 0.29646E+01 0.0874244 0.0938534 0.0938534 0.00477019
12.0 22.00000 -2.95000 0.29792E+01 0.0853228 0.0917856 0.0917856 0.00486232
12.0 22.00000 -2.95000 0.29937E+01 0.0835645 0.0901043 0.0901043 0.00490467
12.0 22.00000 -2.95000 0.30080E+01 0.0818399 0.08845 0.08845 0.005
12.0 22.00000 -2.95000 0.30221E+01 0.0805839 0.0872948 0.0872948 0.00512438
12.0 22.00000 -2.95000 0.30361E+01 0.0784988 0.0852415 0.0852415 0.00527
12.0 22.00000 -2.95000 0.30500E+01 0.0764784 0.08324 0.08324 0.00544841
12.0 22.00000 -2.95000 0.30637E+01 0.0753801 0.0822193 0.0822193 0.00561636
12.0 22.00000 -2.95000 0.30773E+01 0.0744789 0.0813921 0.0813921 0.00578184
12.0 22.00000 -2.95000 0.30908E+01 0.0732106 0.080183 0.080183 0.00599722
12.0 22.00000 -2.95000 0.31041E+01 0.071982 0.0790252 0.0790252 0.00622628
12.0 22.00000 -2.95000 0.31173E+01 0.0698089 0.0768217 0.0768217 0.00647083
12.0 22.00000 -2.95000 0.31304E+01 0.0693311 0.0764711 0.0764711 0.00674409
12.0 22.00000 -2.95000 0.31433E+01 0.0683497 0.0755266 0.0755266 0.00701451
12.0 22.00000 -2.95000 0.31561E+01 0.0661854 0.0732606 0.0732606 0.00733145
12.0 22.00000 -2.95000 0.31688E+01 0.0663351 0.0735781 0.0735781 0.00763808
12.0 22.00000 -2.95000 0.31813E+01 0.0649629 0.072253 0.072253 0.00798292
12.0 22.00000 -2.95000 0.31938E+01 0.0604294 0.0673759 0.0673759 0.00850915
12.0 22.00000 -2.95000 0.32061E+01 0.0597707 0.0667809 0.0667809 0.00892423
12.0 22.00000 -3.44000 0.31384E+01 0.0662161 0.0731224 0.0731224 0.0032757
12.0 22.00000 -3.44000 0.31604E+01 0.0656312 0.0726927 0.0726927 0.00316447
12.0 22.00000 -3.44000 0.31821E+01 0.063715 0.0708779 0.0708779 0.00310366
12.0 22.00000 -3.44000 0.32035E+01 0.0611006 0.0682285 0.0682285 0.00306662
12.0 22.00000 -3.44000 0.32245E+01 0.0594528 0.0665856 0.0665856 0.00302222
12.0 22.00000 -3.44000 0.32451E+01 0.0573503 0.0644676 0.0644676 0.0030107
12.0 22.00000 -3.44000 0.32654E+01 0.0551927 0.0622708 0.0622708 0.00300019
12.0 22.00000 -3.44000 0.32854E+01 0.0533216 0.0603324 0.0603324 0.00299727
12.0 22.00000 -3.44000 0.33051E+01 0.0502587 0.0570221 0.0570221 0.00303644
12.0 22.00000 -3.44000 0.33245E+01 0.048247 0.0549498 0.0549498 0.00308756
12.0 22.00000 -3.44000 0.33435E+01 0.0468122 0.0534804 0.0534804 0.00316519
12.0 22.00000 -3.44000 0.33623E+01 0.0450235 0.0516248 0.0516248 0.00324959
12.0 22.00000 -3.44000 0.33808E+01 0.0432159 0.0496688 0.0496688 0.00334698
12.0 22.00000 -3.44000 0.33990E+01 0.0412606 0.0475394 0.0475394 0.00344443
12.0 22.00000 -3.44000 0.34169E+01 0.0393259 0.045395 0.045395 0.00354944
12.0 22.00000 -3.44000 0.34345E+01 0.0381893 0.0442365 0.0442365 0.00363991
12.0 22.00000 -3.44000 0.34519E+01 0.037023 0.043054 0.043054 0.00372663
12.0 22.00000 -3.44000 0.34691E+01 0.0348536 0.0406873 0.0406873 0.00385502
12.0 22.00000 -3.44000 0.34859E+01 0.0335672 0.039197 0.039197 0.0039608
12.0 22.00000 -3.44000 0.35026E+01 0.032363 0.0378712 0.0378712 0.00406525
12.0 22.00000 -3.44000 0.35190E+01 0.0304686 0.0357417 0.0357417 0.00419654
12.0 22.00000 -3.44000 0.35351E+01 0.0293782 0.0345339 0.0345339 0.0043085
12.0 22.00000 -3.44000 0.35510E+01 0.0280659 0.0330534 0.0330534 0.00444364
12.0 22.00000 -3.44000 0.35667E+01 0.0267661 0.0315823 0.0315823 0.00461445
12.0 22.00000 -3.44000 0.35822E+01 0.0260048 0.0307534 0.0307534 0.0048189
12.0 22.00000 -3.44000 0.35975E+01 0.0246543 0.0291972 0.0291972 0.00506549
12.0 22.00000 -3.44000 0.36125E+01 0.0236669 0.0280871 0.0280871 0.00532019
12.0 22.00000 -3.44000 0.36274E+01 0.0225619 0.0268112 0.0268112 0.00562766
12.0 22.00000 -3.44000 0.36420E+01 0.0220296 0.0262234 0.0262234 0.00591654
12.0 22.00000 -3.44000 0.36565E+01 0.0206506 0.0246308 0.0246308 0.00628972
12.0 22.00000 -3.44000 0.36707E+01 0.0202189 0.0241456 0.0241456 0.00664844
12.0 22.00000 -3.44000 0.36848E+01 0.0188792 0.0225803 0.0225803 0.00715439
12.0 22.00000 -3.44000 0.36986E+01 0.0186006 0.0222818 0.0222818 0.00758024
12.0 22.00000 -3.44000 0.37123E+01 0.0174239 0.0208895 0.0208895 0.00808042
12.0 22.00000 -3.44000 0.37258E+01 0.0169031 0.0202808 0.0202808 0.00864196
12.0 22.00000 -3.44000 0.37392E+01 0.0159722 0.0191782 0.0191782 0.00938863
12.0 22.00000 -4.02000 0.36696E+01 0.0191315 0.0228432 0.0228432 0.00301261
12.0 22.00000 -4.02000 0.36993E+01 0.0177614 0.0212804 0.0212804 0.00296247
12.0 22.00000 -4.02000 0.37281E+01 0.0164547 0.0197424 0.0197424 0.00295046
12.0 22.00000 -4.02000 0.37562E+01 0.0152031 0.0182701 0.0182701 0.00298883
12.0 22.00000 -4.02000 0.37834E+01 0.0139829 0.0168362 0.0168362 0.00304389
12.0 22.00000 -4.02000 0.38100E+01 0.0128569 0.0155353 0.0155353 0.00311133
12.0 22.00000 -4.02000 0.38358E+01 0.0115039 0.0139616 0.0139616 0.00324082
12.0 22.00000 -4.02000 0.38610E+01 0.0107344 0.0131201 0.0131201 0.00342263
12.0 22.00000 -4.02000 0.38856E+01 0.00981074 0.0120997 0.0120997 0.00360843
12.0 22.00000 -4.02000 0.39095E+01 0.00897699 0.0111535 0.0111535 0.00382876
12.0 22.00000 -4.02000 0.39328E+01 0.0082163 0.0102667 0.0102667 0.00404383
12.0 22.00000 -4.02000 0.39555E+01 0.00747575 0.00941134 0.00941134 0.00427995
12.0 22.00000 -4.02000 0.39777E+01 0.0068534 0.00868606 0.00868606 0.00453053
12.0 22.00000 -4.02000 0.39993E+01 0.00614721 0.00784884 0.00784884 0.00482764
12.0 22.00000 -4.02000 0.40204E+01 0.00567245 0.00729418 0.00729418 0.00508401
12.0 22.00000 -4.02000 0.40410E+01 0.00510486 0.00661035 0.00661035 0.00540937
12.0 22.00000 -4.02000 0.40612E+01 0.00452205 0.00589523 0.00589523 0.00577081
12.0 22.00000 -4.02000 0.40808E+01 0.00403772 0.00529902 0.00529902 0.00620621
12.0 22.00000 -4.02000 0.41001E+01 0.00366526 0.00483748 0.00483748 0.00657751
12.0 22.00000 -4.02000 0.41189E+01 0.00328304 0.00435774 0.00435774 0.0070273
12.0 22.00000 -4.02000 0.41372E+01 0.0028574 0.00381295 0.00381295 0.00761866
12.0 22.00000 -4.02000 0.41552E+01 0.00255513 0.00342655 0.00342655 0.00813889
12.0 22.00000 -4.02000 0.41728E+01 0.00225932 0.00304425 0.00304425 0.00876843
12.0 22.00000 -4.02000 0.41900E+01 0.00195315 0.00264239 0.00264239 0.00950872
12.0 22.00000 -4.02000 0.42068E+01 0.00173979 0.00236255 0.00236255 0.0102398
12.0 22.00000 -4.02000 0.42233E+01 0.00148452 0.00202323 0.00202323 0.011193
12.0 22.00000 -4.02000 0.42394E+01 0.00128687 0.0017592 0.0017592 0.0123805
12.0 22.00000 -4.02000 0.42552E+01 0.00112567 0.00154329 0.00154329 0.0138583
12.0 22.00000 -4.02000 0.42707E+01 0.000988921 0.00135912 0.00135912 0.015456
12.0 22.00000 -4.02000 0.42858E+01 0.000856114 0.001179 0.001179 0.0173973
12.0 22.00000 -4.02000 0.43007E+01 0.000764506 0.00105476 0.00105476 0.0193196
12.0 22.00000 -4.02000 0.43152E+01 0.000679209 0.000938641 0.000938641 0.0218065
12.0 22.00000 -4.02000 0.43295E+01 0.000557097 0.000770945 0.000770945 0.02545
12.0 22.00000 -4.02000 0.43435E+01 0.000475399 0.000658562 0.000658562 0.0289768
12.0 22.00000 -4.02000 0.43572E+01 0.000402392 0.000557973 0.000557973 0.033845
12.0 22.00000 -4.02000 0.43707E+01 0.000359971 0.00049949 0.00049949 0.0385477
12.0 22.00000 -4.65300 0.42550E+01 0.0011142 0.00152745 0.00152745 0.00640321
12.0 22.00000 -4.65300 0.43028E+01 0.000710091 0.0009799 0.0009799 0.00738519
12.0 22.00000 -4.65300 0.43477E+01 0.000450287 0.000623958 0.000623958 0.008966
12.0 22.00000 -4.65300 0.43899E+01 0.000305707 0.000424847 0.000424847 0.0109029
12.0 22.00000 -4.65300 0.44297E+01 0.000209536 0.000292175 0.000292175 0.0135311
12.0 22.00000 -4.65300 0.44672E+01 0.000143175 0.000200297 0.000200297 0.0167876
12.0 22.00000 -4.65300 0.45027E+01 9.65916e-05 0.000135453 0.000135453 0.0209889
12.0 22.00000 -4.65300 0.45363E+01 6.73281e-05 9.47458e-05 9.47458e-05 0.0257769
12.0 22.00000 -4.65300 0.45682E+01 4.65047e-05 6.57614e-05 6.57614e-05 0.031814
12.0 22.00000 -4.65300 0.45984E+01 3.54992e-05 5.04445e-05 5.04445e-05 0.0370377
12.0 22.00000 -4.65300 0.46272E+01 2.38321e-05 3.40258e-05 3.40258e-05 0.0461762
12.0 22.00000 -4.65300 0.46546E+01 1.89806e-05 2.72199e-05 2.72199e-05 0.0528518
12.0 22.00000 -4.65300 0.46807E+01 1.47097e-05 2.11776e-05 2.11776e-05 0.0611989
12.0 22.00000 -4.65300 0.47056E+01 1.03522e-05 1.49534e-05 1.49534e-05 0.074328
12.0 22.00000 -4.65300 0.47293E+01 7.47716e-06 1.08426e-05 1.08426e-05 0.0890845
12.0 22.00000 -4.65300 0.47521E+01 5.04251e-06 7.34582e-06 7.34582e-06 0.110432
12.0 22.00000 -4.65300 0.47738E+01 3.71451e-06 5.43583e-06 5.43583e-06 0.131303
12.0 22.00000 -4.65300 0.47947E+01 3.42363e-06 5.03131e-06 5.03131e-06 0.140032
12.0 22.00000 -4.65300 0.48147E+01 2.34959e-06 3.46721e-06 3.46721e-06 0.171496
12.0 22.00000 -4.65300 0.48339E+01 1.43112e-06 2.12043e-06 2.12043e-06 0.22361
12.0 22.00000 -4.65300 0.48523E+01 1.40775e-06 2.094e-06 2.094e-06 0.229416
12.0 22.00000 -4.65300 0.48700E+01 9.19347e-07 1.37265e-06 1.37265e-06 0.288673
12.0 22.00000 -4.65300 0.48870E+01 3.97833e-07 5.96093e-07 5.96093e-07 0.447209
12.0 22.00000 -4.65300 0.49034E+01 4.06992e-07 6.11927e-07 6.11927e-07 0.447209
12.0 22.00000 -4.65300 0.49192E+01 5.06554e-07 7.64197e-07 7.64197e-07 0.408267
12.0 22.00000 -4.65300 0.49345E+01 5.13594e-07 7.77251e-07 7.77251e-07 0.408267
12.0 22.00000 -4.65300 0.49492E+01 1.76181e-07 2.67494e-07 2.67494e-07 0.707117
12.0 22.00000 -4.65300 0.49633E+01 2.77054e-07 4.21919e-07 4.21919e-07 0.577352
12.0 22.00000 -4.65300 0.49770E+01 2.91424e-07 4.45097e-07 4.45097e-07 0.577352
12.0 22.00000 -4.65300 0.49903E+01 2.23551e-07 3.42436e-07 3.42436e-07 0.707117
12.0 22.00000 -4.65300 0.50031E+01 4.10678e-07 6.30838e-07 6.30838e-07 0.577352
12.0 22.00000 -4.65300 0.50155E+01 1.58694e-07 2.44449e-07 2.44449e-07 1
12.0 22.00000 -4.65300 0.50612E+01 8.79819e-07 1.36902e-06 1.36902e-06 0.707117
12.0 26.00000 -2.71000 0.24715E+01 0.0420399 0.0440061 0.0440061 0.00496994
12.0 26.00000 -2.71000 0.24872E+01 0.0423874 0.0444848 0.0444848 0.00478894
12.0 26.00000 -2.71000 0.25028E+01 0.0416948 0.0438711 0.0438711 0.00464826
12.0 26.00000 -2.71000 0.25182E+01 0.0402592 0.0424739 0.0424739 0.00456786
12.0 26.00000 -2.71000 0.25335E+01 0.0398279 0.0421267 0.0421267 0.00446768
12.0 26.00000 -2.71000 0.25487E+01 0.0387591 0.0411052 0.0411052 0.00440529
12.0 26.00000 -2.71000 0.25637E+01 0.0381265 0.0405457 0.0405457 0.00433891
12.0 26.00000 -2.71000 0.25785E+01 0.0373125 0.0397815 0.0397815 0.00430463
12.0 26.00000 -2.71000 0.25932E+01 0.0361287 0.0386062 0.0386062 0.00429305
12.0 26.00000 -2.71000 0.26078E+01 0.0349949 0.0374898 0.0374898 0.00428504
12.0 26.00000 -2.71000 0.26223E+01 0.0342724 0.0368087 0.0368087 0.00429628
12.0 26.00000 -2.71000 0.26366E+01 0.0332896 0.0358437 0.0358437 0.00435394
12.0 26.00000 -2.71000 0.26508E+01 0.0331336 0.035759 0.035759 0.00441702
12.0 26.00000 -2.71000 0.26649E+01 0.0315894 0.0341783 0.0341783 0.00449924
12.0 26.00000 -2.71000 0.26788E+01 0.0305561 0.0331434 0.0331434 0.00461254
12.0 26.00000 -2.71000 0.26926E+01 0.0299674 0.0325708 0.0325708 0.00466355
12.0 26.00000 -2.71000 0.27063E+01 0.0295172 0.032165 0.032165 0.00472974
12.0 26.00000 -2.71000 0.27199E+01 0.0290412 0.0317161 0.0317161 0.00478326
12.0 26.00000 -2.71000 0.27333E+01 0.0277893 0.0304274 0.0304274 0.00491209
12.0 26.00000 -2.71000 0.27467E+01 0.0275262 0.0302139 0.0302139 0.00499076
12.0 26.00000 -2.71000 0.27599E+01 0.0258668 0.0284606 0.0284606 0.00510035
12.0 26.00000 -2.71000 0.27730E+01 0.0259271 0.028579 0.028579 0.00515856
12.0 26.00000 -2.71000 0.27860E+01 0.0253467 0.0280006 0.0280006 0.00528315
12.0 26.00000 -2.71000 0.27988E+01 0.0245456 0.0271771 0.0271771 0.00545452
12.0 26.00000 -2.71000 0.28116E+01 0.0238212 0.0264399 0.0264399 0.00565462
12.0 26.00000 -2.71000 0.28243E+01 0.0232797 0.0258998 0.0258998 0.00584432
12.0 26.00000 -2.71000 0.28368E+01 0.0225225 0.0251241 0.0251241 0.0061119
12.0 26.00000 -2.71000 0.28492E+01 0.0224772 0.0251206 0.0251206 0.00629334
12.0 26.00000 -2.71000 0.28616E+01 0.021512 0.0240892 0.0240892 0.00656854
12.0 26.00000 -2.71000 0.28738E+01 0.0211438 0.0237345 0.0237345 0.00688993
12.0 26.00000 -2.71000 0.28859E+01 0.0203974 0.0229567 0.0229567 0.00722873
12.0 26.00000 -2.71000 0.28980E+01 0.0198085 0.0223464 0.0223464 0.00759704
12.0 26.00000 -2.71000 0.29099E+01 0.0197967 0.022375 0.022375 0.00791621
12.0 26.00000 -2.71000 0.29217E+01 0.0183783 0.0208054 0.0208054 0.00842968
12.0 26.00000 -2.71000 0.29335E+01 0.0177773 0.0201546 0.0201546 0.00898749
12.0 26.00000 -2.71000 0.29451E+01 0.0172372 0.0195917 0.0195917 0.00944867
12.0 26.00000 -3.17000 0.28916E+01 0.0195668 0.0220479 0.0220479 0.00327126
12.0 26.00000 -3.17000 0.29110E+01 0.0189659 0.0214379 0.0214379 0.00316118
12.0 26.00000 -3.17000 0.29302E+01 0.0182111 0.0206395 0.0206395 0.00310497
12.0 26.00000 -3.17000 0.29492E+01 0.0173509 0.0197311 0.0197311 0.00307384
12.0 26.00000 -3.17000 0.29679E+01 0.0167178 0.0190715 0.0190715 0.00304545
12.0 26.00000 -3.17000 0.29863E+01 0.0158658 0.0181656 0.0181656 0.00303377
12.0 26.00000 -3.17000 0.30045E+01 0.0151299 0.017377 0.017377 0.00304117
12.0 26.00000 -3.17000 0.30225E+01 0.0142966 0.0164678 0.0164678 0.00305259
12.0 26.00000 -3.17000 0.30403E+01 0.0136222 0.015725 0.015725 0.00309904
12.0 26.00000 -3.17000 0.30578E+01 0.0130846 0.0151449 0.0151449 0.00317106
12.0 26.00000 -3.17000 0.30751E+01 0.0123411 0.0143475 0.0143475 0.00327943
12.0 26.00000 -3.17000 0.30921E+01 0.01171 0.0136764 0.0136764 0.00338808
12.0 26.00000 -3.17000 0.31090E+01 0.0112263 0.0131486 0.0131486 0.00349301
12.0 26.00000 -3.17000 0.31256E+01 0.0106614 0.0124933 0.0124933 0.00360896
12.0 26.00000 -3.17000 0.31421E+01 0.0098809 0.0116065 0.0116065 0.00372285
12.0 26.00000 -3.17000 0.31583E+01 0.00946534 0.0111443 0.0111443 0.00384993
12.0 26.00000 -3.17000 0.31743E+01 0.00912995 0.0107724 0.0107724 0.00396367
12.0 26.00000 -3.17000 0.31901E+01 0.00843323 0.0099726 0.0099726 0.00411196
12.0 26.00000 -3.17000 0.32058E+01 0.00799936 0.0094817 0.0094817 0.0042431
12.0 26.00000 -3.17000 0.32212E+01 0.00768605 0.00912815 0.00912815 0.00436988
12.0 26.00000 -3.17000 0.32365E+01 0.00713249 0.00849063 0.00849063 0.00454343
12.0 26.00000 -3.17000 0.32516E+01 0.00683835 0.00815475 0.00815475 0.00468643
12.0 26.00000 -3.17000 0.32665E+01 0.00651789 0.00778049 0.00778049 0.00482822
12.0 26.00000 -3.17000 0.32812E+01 0.00607106 0.00725435 0.00725435 0.00502098
12.0 26.00000 -3.17000 0.32958E+01 0.00576309 0.00689285 0.00689285 0.00524518
12.0 26.00000 -3.17000 0.33102E+01 0.00553762 0.00662998 0.00662998 0.00551435
12.0 26.00000 -3.17000 0.33244E+01 0.00521278 0.00624322 0.00624322 0.00581941
12.0 26.00000 -3.17000 0.33385E+01 0.00497001 0.00596334 0.00596334 0.00616986
12.0 26.00000 -3.17000 0.33524E+01 0.00471509 0.00566445 0.00566445 0.00653397
12.0 26.00000 -3.17000 0.33661E+01 0.00442256 0.0053206 0.0053206 0.00695532
12.0 26.00000 -3.17000 0.33797E+01 0.00424318 0.00511133 0.00511133 0.0074276
12.0 26.00000 -3.17000 0.33931E+01 0.00397704 0.00480053 0.00480053 0.0079541
12.0 26.00000 -3.17000 0.34064E+01 0.0038003 0.00460129 0.00460129 0.0085007
12.0 26.00000 -3.17000 0.34195E+01 0.00350881 0.00426393 0.00426393 0.00924233
12.0 26.00000 -3.17000 0.34325E+01 0.00335109 0.00408875 0.00408875 0.0099995
12.0 26.00000 -3.17000 0.34454E+01 0.00312028 0.00382268 0.00382268 0.0107795
12.0 26.00000 -3.70000 0.33763E+01 0.00413535 0.00497984 0.00497984 0.0037591
12.0 26.00000 -3.70000 0.34013E+01 0.00384729 0.00465245 0.00465245 0.00369582
12.0 26.00000 -3.70000 0.34258E+01 0.00345752 0.00421009 0.00421009 0.00370167
12.0 26.00000 -3.70000 0.34498E+01 0.00313578 0.0038461 0.0038461 0.00375437
12.0 26.00000 -3.70000 0.34733E+01 0.0028176 0.00347638 0.00347638 0.0038529
12.0 26.00000 -3.70000 0.34963E+01 0.0025642 0.00317736 0.00317736 0.0039439
12.0 26.00000 -3.70000 0.35189E+01 0.00232495 0.00289557 0.00289557 0.00409267
12.0 26.00000 -3.70000 0.35411E+01 0.00208855 0.00261512 0.00261512 0.00433663
12.0 26.00000 -3.70000 0.35628E+01 0.00190595 0.00240104 0.00240104 0.00460186
12.0 26.00000 -3.70000 0.35841E+01 0.00168821 0.0021386 0.0021386 0.00488289
12.0 26.00000 -3.70000 0.36049E+01 0.00153657 0.00195783 0.00195783 0.0052027
12.0 26.00000 -3.70000 0.36254E+01 0.00136332 0.00174705 0.00174705 0.00557546
12.0 26.00000 -3.70000 0.36455E+01 0.00122472 0.00157771 0.00157771 0.00591936
12.0 26.00000 -3.70000 0.36653E+01 0.00108979 0.00141204 0.00141204 0.00635879
12.0 26.00000 -3.70000 0.36846E+01 0.000945769 0.00123196 0.00123196 0.00680406
12.0 26.00000 -3.70000 0.37036E+01 0.000838492 0.00109681 0.00109681 0.00730774
12.0 26.00000 -3.70000 0.37223E+01 0.000737432 0.000969433 0.000969433 0.00784327
12.0 26.00000 -3.70000 0.37406E+01 0.00064626 0.000853228 0.000853228 0.00840858
12.0 26.00000 -3.70000 0.37586E+01 0.000571284 0.000757247 0.000757247 0.00909625
12.0 26.00000 -3.70000 0.37763E+01 0.000491611 0.000654321 0.000654321 0.0098385
12.0 26.00000 -3.70000 0.37937E+01 0.00043558 0.000581757 0.000581757 0.0105863
12.0 26.00000 -3.70000 0.38108E+01 0.000368995 0.000494262 0.000494262 0.0115636
12.0 26.00000 -3.70000 0.38276E+01 0.000327919 0.000440625 0.000440625 0.0124088
12.0 26.00000 -3.70000 0.38440E+01 0.000275924 0.000371682 0.000371682 0.0136565
12.0 26.00000 -3.70000 0.38603E+01 0.000243958 0.00032939 0.00032939 0.0145818
12.0 26.00000 -3.70000 0.38762E+01 0.000215999 0.000292304 0.000292304 0.0156634
12.0 26.00000 -3.70000 0.38919E+01 0.000183186 0.000248326 0.000248326 0.017482
12.0 26.00000 -3.70000 0.39073E+01 0.000157736 0.000214101 0.000214101 0.0195293
12.0 26.00000 -3.70000 0.39225E+01 0.000134195 0.000182356 0.000182356 0.0219796
12.0 26.00000 -3.70000 0.39374E+01 0.000118912 0.000161734 0.000161734 0.0245148
12.0 26.00000 -3.70000 0.39521E+01 0.000102003 0.000138853 0.000138853 0.0275546
12.0 26.00000 -3.70000 0.39666E+01 8.67154e-05 0.000118113 0.000118113 0.031592
12.0 26.00000 -3.70000 0.39808E+01 7.64103e-05 0.000104116 0.000104116 0.0356907
12.0 26.00000 -3.70000 0.39948E+01 6.80289e-05 9.27005e-05 9.27005e-05 0.0400007
12.0 26.00000 -3.70000 0.40086E+01 5.71042e-05 7.78951e-05 7.78951e-05 0.0465746
12.0 26.00000 -3.70000 0.40222E+01 5.44449e-05 7.43452e-05 7.43452e-05 0.0512329
12.0 26.00000 -4.32000 0.39457E+01 0.000106866 0.000145415 0.000145415 0.0172747
12.0 26.00000 -4.32000 0.39815E+01 7.75778e-05 0.000105706 0.000105706 0.0188175
12.0 26.00000 -4.32000 0.40160E+01 5.22281e-05 7.12863e-05 7.12863e-05 0.0218578
12.0 26.00000 -4.32000 0.40492E+01 4.05709e-05 5.55336e-05 5.55336e-05 0.0242115
12.0 26.00000 -4.32000 0.40812E+01 2.92072e-05 4.00938e-05 4.00938e-05 0.0285375
12.0 26.00000 -4.32000 0.41120E+01 2.16774e-05 2.98559e-05 2.98559e-05 0.0338454
12.0 26.00000 -4.32000 0.41417E+01 1.49862e-05 2.06953e-05 2.06953e-05 0.0412734
12.0 26.00000 -4.32000 0.41703E+01 1.17631e-05 1.62869e-05 1.62869e-05 0.0473515
12.0 26.00000 -4.32000 0.41980E+01 8.0406e-06 1.11784e-05 1.11784e-05 0.0581229
12.0 26.00000 -4.32000 0.42247E+01 6.17223e-06 8.61849e-06 8.61849e-06 0.0675715
12.0 26.00000 -4.32000 0.42505E+01 4.88241e-06 6.84585e-06 6.84585e-06 0.0764738
12.0 26.00000 -4.32000 0.42754E+01 3.35382e-06 4.7217e-06 4.7217e-06 0.0936604
12.0 26.00000 -4.32000 0.42996E+01 2.87737e-06 4.06689e-06 4.06689e-06 0.103142
12.0 26.00000 -4.32000 0.43230E+01 2.21894e-06 3.14844e-06 3.14844e-06 0.118679
12.0 26.00000 -4.32000 0.43456E+01 1.97728e-06 2.81519e-06 2.81519e-06 0.127
12.0 26.00000 -4.32000 0.43676E+01 1.31165e-06 1.87375e-06 1.87375e-06 0.158114
12.0 26.00000 -4.32000 0.43888E+01 9.01322e-07 1.29118e-06 1.29118e-06 0.192445
12.0 26.00000 -4.32000 0.44095E+01 1.10826e-06 1.592e-06 1.592e-06 0.176773
12.0 26.00000 -4.32000 0.44295E+01 4.95656e-07 7.1473e-07 7.1473e-07 0.267255
12.0 26.00000 -4.32000 0.44490E+01 3.69341e-07 5.34479e-07 5.34479e-07 0.316232
12.0 26.00000 -4.32000 0.44679E+01 3.72728e-07 5.41358e-07 5.41358e-07 0.316232
12.0 26.00000 -4.32000 0.44862E+01 1.94689e-07 2.83737e-07 2.83737e-07 0.447208
12.0 26.00000 -4.32000 0.45041E+01 1.18283e-07 1.72959e-07 1.72959e-07 0.577337
12.0 26.00000 -4.32000 0.45214E+01 1.62463e-07 2.38337e-07 2.38337e-07 0.5
12.0 26.00000 -4.32000 0.45383E+01 1.26017e-07 1.85472e-07 1.85472e-07 0.577337
12.0 26.00000 -4.32000 0.45547E+01 8.52881e-08 1.25937e-07 1.25937e-07 0.707093
12.0 26.00000 -4.32000 0.45707E+01 8.70418e-08 1.28916e-07 1.28916e-07 0.707093
12.0 26.00000 -4.32000 0.46448E+01 7.15784e-08 1.07477e-07 1.07477e-07 1
12.0 32.00000 -2.29000 0.20882E+01 0.0138087 0.0145318 0.0145318 0.00466825
12.0 32.00000 -2.29000 0.21010E+01 0.0137778 0.0145382 0.0145382 0.00446727
12.0 32.00000 -2.29000 0.21137E+01 0.0135588 0.0143398 0.0143398 0.00435001
12.0 32.00000 -2.29000 0.21263E+01 0.0130116 0.0137925 0.0137925 0.00425293
12.0 32.00000 -2.29000 0.21388E+01 0.0127325 0.01353 0.01353 0.0041694
12.0 32.00000 -2.29000 0.21513E+01 0.0123911 0.0132009 0.0132009 0.00411816
12.0 32.00000 -2.29000 0.21636E+01 0.0119214 0.0127341 0.0127341 0.004065
12.0 32.00000 -2.29000 0.21759E+01 0.0114825 0.0122953 0.0122953 0.00404411
12.0 32.00000 -2.29000 0.21881E+01 0.0112869 0.0121156 0.0121156 0.00401228
12.0 32.00000 -2.29000 0.22002E+01 0.0107905 0.0116077 0.0116077 0.00404046
12.0 32.00000 -2.29000 0.22122E+01 0.0104869 0.0113055 0.0113055 0.0040724
12.0 32.00000 -2.29000 0.22241E+01 0.0103561 0.0111884 0.0111884 0.00412502
12.0 32.00000 -2.29000 0.22360E+01 0.00989579 0.010717 0.010717 0.00422652
12.0 32.00000 -2.29000 0.22478E+01 0.00955038 0.0103709 0.0103709 0.00429363
12.0 32.00000 -2.29000 0.22595E+01 0.00931077 0.0101371 0.0101371 0.0043863
12.0 32.00000 -2.29000 0.22711E+01 0.00914282 0.00997743 0.00997743 0.00444396
12.0 32.00000 -2.29000 0.22827E+01 0.00871995 0.00953169 0.00953169 0.00454564
12.0 32.00000 -2.29000 0.22941E+01 0.0085567 0.00937213 0.00937213 0.00461486
12.0 32.00000 -2.29000 0.23055E+01 0.00827578 0.00908521 0.00908521 0.00470583
12.0 32.00000 -2.29000 0.23168E+01 0.00802011 0.00882808 0.00882808 0.00480972
12.0 32.00000 -2.29000 0.23281E+01 0.00765252 0.00844446 0.00844446 0.0049004
12.0 32.00000 -2.29000 0.23393E+01 0.00740255 0.00818523 0.00818523 0.00501452
12.0 32.00000 -2.29000 0.23504E+01 0.00728795 0.00807247 0.00807247 0.00506292
12.0 32.00000 -2.29000 0.23614E+01 0.0069417 0.00770203 0.00770203 0.00519984
12.0 32.00000 -2.29000 0.23724E+01 0.00665601 0.00740315 0.00740315 0.00542746
12.0 32.00000 -2.29000 0.23833E+01 0.00649525 0.00724476 0.00724476 0.00561085
12.0 32.00000 -2.29000 0.23941E+01 0.00632981 0.00707828 0.00707828 0.00581599
12.0 32.00000 -2.29000 0.24048E+01 0.00616474 0.00690742 0.00690742 0.00606228
12.0 32.00000 -2.29000 0.24155E+01 0.00594427 0.00667291 0.00667291 0.00634054
12.0 32.00000 -2.29000 0.24261E+01 0.00585286 0.00658634 0.00658634 0.00659383
12.0 32.00000 -2.29000 0.24367E+01 0.0055153 0.00621994 0.00621994 0.00698937
12.0 32.00000 -2.29000 0.24472E+01 0.00542393 0.00612965 0.00612965 0.00731811
12.0 32.00000 -2.29000 0.24576E+01 0.00528041 0.00597605 0.00597605 0.00775774
12.0 32.00000 -2.29000 0.24679E+01 0.00496686 0.00563003 0.00563003 0.00823348
12.0 32.00000 -2.29000 0.24782E+01 0.00478216 0.00543278 0.00543278 0.0087616
12.0 32.00000 -2.29000 0.24884E+01 0.00456557 0.00519829 0.00519829 0.00946554
12.0 32.00000 -2.67000 0.24350E+01 0.00554067 0.00624688 0.00624688 0.00398522
12.0 32.00000 -2.67000 0.24504E+01 0.00534279 0.00604071 0.00604071 0.00385762
12.0 32.00000 -2.67000 0.24657E+01 0.00516283 0.00584957 0.00584957 0.00375888
12.0 32.00000 -2.67000 0.24808E+01 0.00487606 0.00554241 0.00554241 0.00372524
12.0 32.00000 -2.67000 0.24959E+01 0.00458318 0.00522672 0.00522672 0.00370308
12.0 32.00000 -2.67000 0.25107E+01 0.00439965 0.00503227 0.00503227 0.0036878
12.0 32.00000 -2.67000 0.25255E+01 0.00418695 0.00480103 0.00480103 0.00367296
12.0 32.00000 -2.67000 0.25401E+01 0.00390169 0.00448176 0.00448176 0.00371124
12.0 32.00000 -2.67000 0.25546E+01 0.00366276 0.00421552 0.00421552 0.00377431
12.0 32.00000 -2.67000 0.25689E+01 0.00353082 0.00408025 0.00408025 0.00386885
12.0 32.00000 -2.67000 0.25831E+01 0.00330323 0.00383885 0.00383885 0.00398739
12.0 32.00000 -2.67000 0.25972E+01 0.00315339 0.00367468 0.00367468 0.00411344
12.0 32.00000 -2.67000 0.26112E+01 0.00295316 0.00344164 0.00344164 0.00425709
12.0 32.00000 -2.67000 0.26250E+01 0.00283747 0.00331582 0.00331582 0.00437974
12.0 32.00000 -2.67000 0.26387E+01 0.00264718 0.00310182 0.00310182 0.00454003
12.0 32.00000 -2.67000 0.26524E+01 0.00248286 0.00291613 0.00291613 0.00466908
12.0 32.00000 -2.67000 0.26658E+01 0.00236944 0.00278888 0.00278888 0.00482007
12.0 32.00000 -2.67000 0.26792E+01 0.00225456 0.00265682 0.00265682 0.00498426
12.0 32.00000 -2.67000 0.26925E+01 0.00208435 0.00245961 0.00245961 0.0051784
12.0 32.00000 -2.67000 0.27056E+01 0.00198896 0.00235139 0.00235139 0.00532428
12.0 32.00000 -2.67000 0.27186E+01 0.00185562 0.0021962 0.0021962 0.00554276
12.0 32.00000 -2.67000 0.27316E+01 0.00176901 0.00209604 0.00209604 0.00569853
12.0 32.00000 -2.67000 0.27444E+01 0.0016454 0.00195081 0.00195081 0.00593174
12.0 32.00000 -2.67000 0.27571E+01 0.00157763 0.0018727 0.0018727 0.00610444
12.0 32.00000 -2.67000 0.27697E+01 0.00147472 0.00175319 0.00175319 0.0063286
12.0 32.00000 -2.67000 0.27822E+01 0.00139428 0.0016606 0.0016606 0.00664917
12.0 32.00000 -2.67000 0.27946E+01 0.00130815 0.00155996 0.00155996 0.00704599
12.0 32.00000 -2.67000 0.28068E+01 0.00123144 0.00147108 0.00147108 0.00744564
12.0 32.00000 -2.67000 0.28190E+01 0.00119001 0.00142485 0.00142485 0.00786194
12.0 32.00000 -2.67000 0.28311E+01 0.00110626 0.00132772 0.00132772 0.00836237
12.0 32.00000 -2.67000 0.28431E+01 0.00103982 0.00125289 0.00125289 0.00893861
12.0 32.00000 -2.67000 0.28550E+01 0.000997632 0.00120669 0.00120669 0.00953002
12.0 32.00000 -2.67000 0.28668E+01 0.000906188 0.00109941 0.00109941 0.0103993
12.0 32.00000 -2.67000 0.28785E+01 0.000849874 0.0010342 0.0010342 0.0112243
12.0 32.00000 -2.67000 0.28901E+01 0.000822803 0.00100409 0.00100409 0.012022
12.0 32.00000 -2.67000 0.29016E+01 0.000752699 0.000920758 0.000920758 0.0132618
12.0 32.00000 -3.13000 0.28550E+01 0.000970721 0.00117424 0.00117424 0.0101416
12.0 32.00000 -3.13000 0.28741E+01 0.000885669 0.00107656 0.00107656 0.0100262
12.0 32.00000 -3.13000 0.28930E+01 0.000816522 0.000997098 0.000997098 0.00998754
12.0 32.00000 -3.13000 0.29116E+01 0.000738431 0.000904576 0.000904576 0.00998695
12.0 32.00000 -3.13000 0.29300E+01 0.000680485 0.000835924 0.000835924 0.0101941
12.0 32.00000 -3.13000 0.29481E+01 0.000615878 0.000759206 0.000759206 0.0103655
12.0 32.00000 -3.13000 0.29661E+01 0.000550637 0.000681338 0.000681338 0.0107754
12.0 32.00000 -3.13000 0.29837E+01 0.000488581 0.000606475 0.000606475 0.0112747
12.0 32.00000 -3.13000 0.30012E+01 0.0004521 0.000563465 0.000563465 0.0117973
12.0 32.00000 -3.13000 0.30184E+01 0.000401989 0.000503003 0.000503003 0.0125523
12.0 32.00000 -3.13000 0.30355E+01 0.00036202 0.00045474 0.00045474 0.0133726
12.0 32.00000 -3.13000 0.30523E+01 0.000335741 0.000423238 0.000423238 0.0138745
12.0 32.00000 -3.13000 0.30689E+01 0.000297747 0.000376992 0.000376992 0.0148237
12.0 32.00000 -3.13000 0.30853E+01 0.000267973 0.000340625 0.000340625 0.0157244
12.0 32.00000 -3.13000 0.31015E+01 0.000230577 0.000294126 0.000294126 0.016974
12.0 32.00000 -3.13000 0.31176E+01 0.000209372 0.000267991 0.000267991 0.0178452
12.0 32.00000 -3.13000 0.31334E+01 0.000189184 0.000243188 0.000243188 0.0189152
12.0 32.00000 -3.13000 0.31490E+01 0.000170397 0.000219679 0.000219679 0.0201496
12.0 32.00000 -3.13000 0.31645E+01 0.000147643 0.000190859 0.000190859 0.021637
12.0 32.00000 -3.13000 0.31798E+01 0.000133677 0.00017352 0.00017352 0.0228993
12.0 32.00000 -3.13000 0.31949E+01 0.000116071 0.000151083 0.000151083 0.0247157
12.0 32.00000 -3.13000 0.32098E+01 0.000105549 0.000137655 0.000137655 0.0261266
12.0 32.00000 -3.13000 0.32245E+01 8.98915e-05 0.000117637 0.000117637 0.0283985
12.0 32.00000 -3.13000 0.32391E+01 7.8073e-05 0.000102425 0.000102425 0.0306571
12.0 32.00000 -3.13000 0.32535E+01 6.50729e-05 8.55447e-05 8.55447e-05 0.0336903
12.0 32.00000 -3.13000 0.32678E+01 6.19135e-05 8.15829e-05 8.15829e-05 0.0349428
12.0 32.00000 -3.13000 0.32819E+01 5.45685e-05 7.20339e-05 7.20339e-05 0.0391998
12.0 32.00000 -3.13000 0.32958E+01 4.68597e-05 6.19921e-05 6.19921e-05 0.0419202
12.0 32.00000 -3.13000 0.33096E+01 4.35373e-05 5.76961e-05 5.76961e-05 0.0452679
12.0 32.00000 -3.13000 0.33232E+01 3.99946e-05 5.30493e-05 5.30493e-05 0.048971
12.0 32.00000 -3.13000 0.33367E+01 3.08208e-05 4.09416e-05 4.09416e-05 0.0580256
12.0 32.00000 -3.13000 0.33500E+01 3.06176e-05 4.07252e-05 4.07252e-05 0.0609715
12.0 32.00000 -3.13000 0.33632E+01 2.44877e-05 3.25867e-05 3.25867e-05 0.0721676
12.0 32.00000 -3.13000 0.33762E+01 2.29907e-05 3.06037e-05 3.06037e-05 0.0783268
12.0 32.00000 -3.13000 0.33891E+01 1.89525e-05 2.52639e-05 2.52639e-05 0.091667
12.0 32.00000 -3.13000 0.34019E+01 1.76346e-05 2.35153e-05 2.35153e-05 0.101532
12.0 32.00000 -3.65000 0.33305E+01 3.68005e-05 4.88463e-05 4.88463e-05 0.0366369
12.0 32.00000 -3.65000 0.33549E+01 2.8982e-05 3.85593e-05 3.85593e-05 0.0385179
12.0 32.00000 -3.65000 0.33788E+01 2.21262e-05 2.94654e-05 2.94654e-05 0.0418854
12.0 32.00000 -3.65000 0.34023E+01 1.95617e-05 2.60851e-05 2.60851e-05 0.0429132
12.0 32.00000 -3.65000 0.34253E+01 1.46538e-05 1.95395e-05 1.95395e-05 0.0480577
12.0 32.00000 -3.65000 0.34478E+01 1.16609e-05 1.55567e-05 1.55567e-05 0.053073
12.0 32.00000 -3.65000 0.34700E+01 9.89861e-06 1.31943e-05 1.31943e-05 0.0582221
12.0 32.00000 -3.65000 0.34917E+01 7.35047e-06 9.82039e-06 9.82039e-06 0.068197
12.0 32.00000 -3.65000 0.35130E+01 6.3701e-06 8.52287e-06 8.52287e-06 0.0733204
12.0 32.00000 -3.65000 0.35339E+01 4.22935e-06 5.67395e-06 5.67395e-06 0.0912871
12.0 32.00000 -3.65000 0.35544E+01 4.77606e-06 6.41819e-06 6.41819e-06 0.0867108
12.0 32.00000 -3.65000 0.35745E+01 2.57074e-06 3.46491e-06 3.46491e-06 0.118679
12.0 32.00000 -3.65000 0.35943E+01 2.63126e-06 3.55346e-06 3.55346e-06 0.117851
12.0 32.00000 -3.65000 0.36138E+01 1.95416e-06 2.64601e-06 2.64601e-06 0.138676
12.0 32.00000 -3.65000 0.36328E+01 2.06086e-06 2.79557e-06 2.79557e-06 0.136083
12.0 32.00000 -3.65000 0.36516E+01 1.56641e-06 2.12845e-06 2.12845e-06 0.156175
12.0 32.00000 -3.65000 0.36700E+01 1.05298e-06 1.43491e-06 1.43491e-06 0.192449
12.0 32.00000 -3.65000 0.36881E+01 8.25266e-07 1.12755e-06 1.12755e-06 0.21822
12.0 32.00000 -3.65000 0.37059E+01 9.29378e-07 1.27374e-06 1.27374e-06 0.208517
12.0 32.00000 -3.65000 0.37234E+01 6.06408e-07 8.33167e-07 8.33167e-07 0.258202
12.0 32.00000 -3.65000 0.37406E+01 7.47553e-07 1.03027e-06 1.03027e-06 0.235706
12.0 32.00000 -3.65000 0.37575E+01 8.50677e-07 1.17532e-06 1.17532e-06 0.223608
12.0 32.00000 -3.65000 0.37741E+01 4.30539e-07 5.96518e-07 5.96518e-07 0.316217
12.0 32.00000 -3.65000 0.37905E+01 3.93413e-07 5.46501e-07 5.46501e-07 0.333343
12.0 32.00000 -3.65000 0.38066E+01 2.65847e-07 3.70239e-07 3.70239e-07 0.40825
12.0 32.00000 -3.65000 0.38224E+01 2.71013e-07 3.78414e-07 3.78414e-07 0.40825
12.0 32.00000 -3.65000 0.38380E+01 1.82886e-07 2.55987e-07 2.55987e-07 0.5
12.0 32.00000 -3.65000 0.38533E+01 9.38558e-08 1.31662e-07 1.31662e-07 0.707107
12.0 32.00000 -3.65000 0.38684E+01 1.00804e-07 1.41729e-07 1.41729e-07 0.707107
12.0 32.00000 -3.65000 0.38833E+01 5.52005e-08 7.77814e-08 7.77814e-08 1
12.0 32.00000 -3.65000 0.38979E+01 1.23678e-07 1.74622e-07 1.74622e-07 0.707107
12.0 32.00000 -3.65000 0.39404E+01 8.90652e-08 1.26465e-07 1.26465e-07 1
12.0 32.00000 -3.65000 0.39542E+01 1.06738e-07 1.5191e-07 1.5191e-07 1
12.0 40.00000 -1.14000 0.10393E+01 0.0218801 0.0180679 0.0180679 0.00940407
12.0 40.00000 -1.14000 0.10452E+01 0.02194 0.018176 0.018176 0.00888152
12.0 40.00000 -1.14000 0.10512E+01 0.0220803 0.0183511 0.0183511 0.00854484
12.0 40.00000 -1.14000 0.10571E+01 0.0218683 0.0182414 0.0182414 0.00825147
12.0 40.00000 -1.14000 0.10630E+01 0.0215907 0.0180739 0.0180739 0.00796567
12.0 40.00000 -1.14000 0.10688E+01 0.0213113 0.0179022 0.0179022 0.00780076
12.0 40.00000 -1.14000 0.10747E+01 0.0216268 0.0182266 0.0182266 0.00757982
12.0 40.00000 -1.14000 0.10806E+01 0.0204343 0.0172766 0.0172766 0.00753302
12.0 40.00000 -1.14000 0.10864E+01 0.0202352 0.0171628 0.0171628 0.00737482
12.0 40.00000 -1.14000 0.10922E+01 0.0202436 0.0172242 0.0172242 0.00726623
12.0 40.00000 -1.14000 0.10980E+01 0.0199821 0.017055 0.017055 0.0071824
12.0 40.00000 -1.14000 0.11038E+01 0.0195869 0.0167694 0.0167694 0.00724114
12.0 40.00000 -1.14000 0.11096E+01 0.0195495 0.0167903 0.0167903 0.00724065
12.0 40.00000 -1.14000 0.11153E+01 0.019764 0.0170259 0.0170259 0.00719601
12.0 40.00000 -1.14000 0.11211E+01 0.0189851 0.0164039 0.0164039 0.00732253
12.0 40.00000 -1.14000 0.11268E+01 0.0189184 0.0163934 0.0163934 0.00734846
12.0 40.00000 -1.14000 0.11325E+01 0.0189192 0.0164416 0.0164416 0.0073835
12.0 40.00000 -1.14000 0.11383E+01 0.0184368 0.0160695 0.0160695 0.00746349
12.0 40.00000 -1.14000 0.11439E+01 0.0182903 0.0159876 0.0159876 0.00747437
12.0 40.00000 -1.14000 0.11496E+01 0.0179751 0.0157565 0.0157565 0.00748979
12.0 40.00000 -1.14000 0.11553E+01 0.0177329 0.0155877 0.0155877 0.00759585
12.0 40.00000 -1.14000 0.11609E+01 0.0174135 0.015351 0.015351 0.00757042
12.0 40.00000 -1.14000 0.11666E+01 0.0174978 0.0154677 0.0154677 0.00768763
12.0 40.00000 -1.14000 0.11722E+01 0.0174434 0.0154614 0.0154614 0.00774191
12.0 40.00000 -1.14000 0.11778E+01 0.0169206 0.0150373 0.0150373 0.007925
12.0 40.00000 -1.14000 0.11834E+01 0.0168397 0.015005 0.015005 0.00807531
12.0 40.00000 -1.14000 0.11890E+01 0.0163902 0.014643 0.014643 0.00836759
12.0 40.00000 -1.14000 0.11945E+01 0.016504 0.0147828 0.0147828 0.00854588
12.0 40.00000 -1.14000 0.12001E+01 0.01619 0.0145401 0.0145401 0.00881944
12.0 40.00000 -1.14000 0.12056E+01 0.0160155 0.0144195 0.0144195 0.00912934
12.0 40.00000 -1.14000 0.12112E+01 0.0155436 0.0140296 0.0140296 0.00950937
12.0 40.00000 -1.14000 0.12167E+01 0.015514 0.014038 0.014038 0.0098045
12.0 40.00000 -1.14000 0.12222E+01 0.0155406 0.0140971 0.0140971 0.0101828
12.0 40.00000 -1.14000 0.12277E+01 0.0152716 0.0138868 0.0138868 0.010561
12.0 40.00000 -1.14000 0.12331E+01 0.0152679 0.0139173 0.0139173 0.0111106
12.0 40.00000 -1.14000 0.12386E+01 0.0146969 0.0134306 0.0134306 0.0117516
12.0 40.00000 -1.33000 0.12126E+01 0.0155898 0.0140802 0.0140802 0.0071452
12.0 40.00000 -1.33000 0.12195E+01 0.0152053 0.0137767 0.0137767 0.00682133
12.0 40.00000 -1.33000 0.12265E+01 0.0148817 0.0135254 0.0135254 0.00663912
12.0 40.00000 -1.33000 0.12335E+01 0.0147186 0.0134184 0.0134184 0.00642318
12.0 40.00000 -1.33000 0.12404E+01 0.0146164 0.0133676 0.0133676 0.00622157
12.0 40.00000 -1.33000 0.12473E+01 0.0143767 0.0131867 0.0131867 0.00607347
12.0 40.00000 -1.33000 0.12542E+01 0.0143392 0.0131908 0.0131908 0.00592926
12.0 40.00000 -1.33000 0.12610E+01 0.0137888 0.0127218 0.0127218 0.00585908
12.0 40.00000 -1.33000 0.12679E+01 0.0134604 0.0124551 0.0124551 0.00577812
12.0 40.00000 -1.33000 0.12747E+01 0.0133424 0.012381 0.012381 0.00574336
12.0 40.00000 -1.33000 0.12815E+01 0.0131096 0.0121997 0.0121997 0.00570196
12.0 40.00000 -1.33000 0.12883E+01 0.0130221 0.0121519 0.0121519 0.0056995
12.0 40.00000 -1.33000 0.12950E+01 0.0132281 0.0123777 0.0123777 0.00570643
12.0 40.00000 -1.33000 0.13018E+01 0.0128339 0.012042 0.012042 0.00576975
12.0 40.00000 -1.33000 0.13085E+01 0.0126159 0.0118689 0.0118689 0.00580545
12.0 40.00000 -1.33000 0.13152E+01 0.012283 0.0115864 0.0115864 0.00589363
12.0 40.00000 -1.33000 0.13219E+01 0.0121024 0.0114471 0.0114471 0.00595656
12.0 40.00000 -1.33000 0.13285E+01 0.0122892 0.0116529 0.0116529 0.00591786
12.0 40.00000 -1.33000 0.13352E+01 0.0117184 0.0111393 0.0111393 0.00605239
12.0 40.00000 -1.33000 0.13418E+01 0.0116154 0.01107 0.01107 0.0060596
12.0 40.00000 -1.33000 0.13484E+01 0.0115081 0.0109957 0.0109957 0.00614121
12.0 40.00000 -1.33000 0.13550E+01 0.011021 0.0105554 0.0105554 0.00620345
12.0 40.00000 -1.33000 0.13615E+01 0.0111368 0.0106917 0.0106917 0.00623547
12.0 40.00000 -1.33000 0.13681E+01 0.0109018 0.0104919 0.0104919 0.0063127
12.0 40.00000 -1.33000 0.13746E+01 0.0106474 0.0102706 0.0102706 0.00643265
12.0 40.00000 -1.33000 0.13811E+01 0.0103767 0.0100329 0.0100329 0.00664393
12.0 40.00000 -1.33000 0.13876E+01 0.0104284 0.0101057 0.0101057 0.00680227
12.0 40.00000 -1.33000 0.13940E+01 0.0102433 0.00994943 0.00994943 0.00702042
12.0 40.00000 -1.33000 0.14005E+01 0.0102472 0.00997584 0.00997584 0.00721942
12.0 40.00000 -1.33000 0.14069E+01 0.0099904 0.00974794 0.00974794 0.00746136
12.0 40.00000 -1.33000 0.14133E+01 0.00959859 0.00938545 0.00938545 0.00782508
12.0 40.00000 -1.33000 0.14197E+01 0.00955466 0.00936154 0.00936154 0.00814088
12.0 40.00000 -1.33000 0.14261E+01 0.00939557 0.00922531 0.00922531 0.00854227
12.0 40.00000 -1.33000 0.14324E+01 0.00905432 0.0089081 0.0089081 0.00897584
12.0 40.00000 -1.33000 0.14387E+01 0.00918533 0.00905602 0.00905602 0.00933444
12.0 40.00000 -1.33000 0.14451E+01 0.00881279 0.00870584 0.00870584 0.00992733
12.0 40.00000 -1.56000 0.14223E+01 0.00915872 0.00898107 0.00898107 0.00610321
12.0 40.00000 -1.56000 0.14306E+01 0.00915823 0.00900517 0.00900517 0.00584086
12.0 40.00000 -1.56000 0.14389E+01 0.00905599 0.00892877 0.00892877 0.00558536
12.0 40.00000 -1.56000 0.14471E+01 0.00885882 0.00875684 0.00875684 0.00544165
12.0 40.00000 -1.56000 0.14553E+01 0.00857131 0.00849439 0.00849439 0.0053352
12.0 40.00000 -1.56000 0.14635E+01 0.00846563 0.00841188 0.00841188 0.00525301
12.0 40.00000 -1.56000 0.14716E+01 0.00826263 0.00823112 0.00823112 0.00509315
12.0 40.00000 -1.56000 0.14797E+01 0.00799301 0.00798295 0.00798295 0.00505454
12.0 40.00000 -1.56000 0.14878E+01 0.00785465 0.0078631 0.0078631 0.00499069
12.0 40.00000 -1.56000 0.14959E+01 0.00775375 0.00777951 0.00777951 0.00499074
12.0 40.00000 -1.56000 0.15039E+01 0.00751734 0.00755935 0.00755935 0.00502003
12.0 40.00000 -1.56000 0.15119E+01 0.00751877 0.0075782 0.0075782 0.00502847
12.0 40.00000 -1.56000 0.15198E+01 0.0072668 0.00734107 0.00734107 0.00510981
12.0 40.00000 -1.56000 0.15278E+01 0.00704368 0.0071327 0.0071327 0.00516815
12.0 40.00000 -1.56000 0.15357E+01 0.00695549 0.00705952 0.00705952 0.00525303
12.0 40.00000 -1.56000 0.15435E+01 0.00676792 0.00688414 0.00688414 0.00531
12.0 40.00000 -1.56000 0.15514E+01 0.00652575 0.00665162 0.00665162 0.00538338
12.0 40.00000 -1.56000 0.15592E+01 0.00664756 0.00679053 0.00679053 0.00542005
12.0 40.00000 -1.56000 0.15670E+01 0.00632491 0.00647304 0.00647304 0.00549288
12.0 40.00000 -1.56000 0.15747E+01 0.00620226 0.00636003 0.00636003 0.00551798
12.0 40.00000 -1.56000 0.15824E+01 0.0060702 0.00623745 0.00623745 0.00565091
12.0 40.00000 -1.56000 0.15901E+01 0.00584024 0.00601411 0.00601411 0.00569584
12.0 40.00000 -1.56000 0.15978E+01 0.00580925 0.00599392 0.00599392 0.00577205
12.0 40.00000 -1.56000 0.16054E+01 0.00568093 0.00587298 0.00587298 0.00579704
12.0 40.00000 -1.56000 0.16131E+01 0.00548413 0.00568115 0.00568115 0.00600288
12.0 40.00000 -1.56000 0.16206E+01 0.00536227 0.0055652 0.0055652 0.00615074
12.0 40.00000 -1.56000 0.16282E+01 0.0052475 0.00545722 0.00545722 0.00631837
12.0 40.00000 -1.56000 0.16357E+01 0.00516152 0.00537717 0.00537717 0.00658135
12.0 40.00000 -1.56000 0.16432E+01 0.00503803 0.00525767 0.00525767 0.00687569
12.0 40.00000 -1.56000 0.16507E+01 0.00490537 0.00512862 0.00512862 0.00712453
12.0 40.00000 -1.56000 0.16582E+01 0.00481604 0.00504397 0.00504397 0.00738051
12.0 40.00000 -1.56000 0.16656E+01 0.00471245 0.004945 0.004945 0.00774319
12.0 40.00000 -1.56000 0.16730E+01 0.00459561 0.0048312 0.0048312 0.00813193
12.0 40.00000 -1.56000 0.16803E+01 0.00440397 0.00463909 0.00463909 0.00857328
12.0 40.00000 -1.56000 0.16877E+01 0.00432279 0.00456188 0.00456188 0.00919358
12.0 40.00000 -1.56000 0.16950E+01 0.00425254 0.00449549 0.00449549 0.00964155
12.0 40.00000 -1.82000 0.16594E+01 0.00456589 0.00478382 0.00478382 0.00883206
12.0 40.00000 -1.82000 0.16693E+01 0.00469748 0.00493356 0.00493356 0.00828718
12.0 40.00000 -1.82000 0.16790E+01 0.00447079 0.00470813 0.00470813 0.0080536
12.0 40.00000 -1.82000 0.16888E+01 0.0043512 0.00459319 0.00459319 0.00786283
12.0 40.00000 -1.82000 0.16985E+01 0.00418016 0.00442236 0.00442236 0.00772939
12.0 40.00000 -1.82000 0.17081E+01 0.00414077 0.0043903 0.0043903 0.00752551
12.0 40.00000 -1.82000 0.17177E+01 0.0039613 0.00420841 0.00420841 0.00750078
12.0 40.00000 -1.82000 0.17273E+01 0.00374513 0.00398744 0.00398744 0.00747667
12.0 40.00000 -1.82000 0.17368E+01 0.00366984 0.00391654 0.00391654 0.00744481
12.0 40.00000 -1.82000 0.17462E+01 0.00358205 0.00383301 0.00383301 0.00753905
12.0 40.00000 -1.82000 0.17557E+01 0.00338752 0.00363416 0.00363416 0.00771362
12.0 40.00000 -1.82000 0.17650E+01 0.00331414 0.00356283 0.00356283 0.00779028
12.0 40.00000 -1.82000 0.17744E+01 0.00322803 0.0034761 0.0034761 0.00789943
12.0 40.00000 -1.82000 0.17836E+01 0.00308571 0.00332906 0.00332906 0.00808689
12.0 40.00000 -1.82000 0.17929E+01 0.0030254 0.00327131 0.00327131 0.00819662
12.0 40.00000 -1.82000 0.18021E+01 0.00288846 0.00313144 0.00313144 0.00837387
12.0 40.00000 -1.82000 0.18113E+01 0.00279558 0.00303871 0.00303871 0.00850553
12.0 40.00000 -1.82000 0.18204E+01 0.00271476 0.00295752 0.00295752 0.00877162
12.0 40.00000 -1.82000 0.18294E+01 0.0026037 0.00284181 0.00284181 0.00885632
12.0 40.00000 -1.82000 0.18385E+01 0.00253571 0.0027722 0.0027722 0.00903434
12.0 40.00000 -1.82000 0.18475E+01 0.00245073 0.00268399 0.00268399 0.00919224
12.0 40.00000 -1.82000 0.18564E+01 0.00236196 0.002592 0.002592 0.00937485
12.0 40.00000 -1.82000 0.18653E+01 0.00224693 0.00247124 0.00247124 0.00962644
12.0 40.00000 -1.82000 0.18742E+01 0.00213887 0.00235805 0.00235805 0.00983143
12.0 40.00000 -1.82000 0.18830E+01 0.00207359 0.00229091 0.00229091 0.0100342
12.0 40.00000 -1.82000 0.18918E+01 0.00199112 0.00220444 0.00220444 0.0104106
12.0 40.00000 -1.82000 0.19006E+01 0.00193707 0.00214932 0.00214932 0.0108
12.0 40.00000 -1.82000 0.19093E+01 0.00190602 0.00211993 0.00211993 0.0112072
12.0 40.00000 -1.82000 0.19180E+01 0.00182693 0.00203621 0.00203621 0.0118006
12.0 40.00000 -1.82000 0.19266E+01 0.00176171 0.00196801 0.00196801 0.0123132
12.0 40.00000 -1.82000 0.19352E+01 0.00163223 0.00182719 0.00182719 0.0131985
12.0 40.00000 -1.82000 0.19437E+01 0.00160223 0.00179739 0.00179739 0.0138892
12.0 40.00000 -1.82000 0.19522E+01 0.00152512 0.00171436 0.00171436 0.0147478
12.0 40.00000 -1.82000 0.19607E+01 0.00149753 0.00168543 0.00168543 0.0155252
12.0 40.00000 -1.82000 0.19692E+01 0.00142539 0.00160652 0.00160652 0.0166448
12.0 40.00000 -1.82000 0.19776E+01 0.00131229 0.00148197 0.00148197 0.0181813
12.0 40.00000 -2.13000 0.19422E+01 0.0016102 0.0018055 0.0018055 0.00906843
12.0 40.00000 -2.13000 0.19540E+01 0.00156995 0.00176505 0.00176505 0.008691
12.0 40.00000 -2.13000 0.19656E+01 0.00150248 0.00169236 0.00169236 0.00842214
12.0 40.00000 -2.13000 0.19772E+01 0.00142661 0.00161093 0.00161093 0.0083044
12.0 40.00000 -2.13000 0.19888E+01 0.00133873 0.00151623 0.00151623 0.00830132
12.0 40.00000 -2.13000 0.20002E+01 0.00126032 0.00143095 0.00143095 0.00825493
12.0 40.00000 -2.13000 0.20116E+01 0.00120029 0.00136525 0.00136525 0.00828894
12.0 40.00000 -2.13000 0.20230E+01 0.00111809 0.00127347 0.00127347 0.00836028
12.0 40.00000 -2.13000 0.20342E+01 0.00107418 0.00122671 0.00122671 0.00849864
12.0 40.00000 -2.13000 0.20454E+01 0.00102098 0.00117256 0.00117256 0.00875098
12.0 40.00000 -2.13000 0.20565E+01 0.000962179 0.00111128 0.00111128 0.00895172
12.0 40.00000 -2.13000 0.20676E+01 0.000900315 0.00104003 0.00104003 0.00927921
12.0 40.00000 -2.13000 0.20786E+01 0.000842653 0.000973709 0.000973709 0.00958406
12.0 40.00000 -2.13000 0.20895E+01 0.000807464 0.000934512 0.000934512 0.00985094
12.0 40.00000 -2.13000 0.21004E+01 0.000764978 0.000886922 0.000886922 0.010179
12.0 40.00000 -2.13000 0.21112E+01 0.000711969 0.000826701 0.000826701 0.010499
12.0 40.00000 -2.13000 0.21219E+01 0.000662682 0.000770632 0.000770632 0.0109679
12.0 40.00000 -2.13000 0.21326E+01 0.0006248 0.000727332 0.000727332 0.0113399
12.0 40.00000 -2.13000 0.21432E+01 0.000591579 0.000689687 0.000689687 0.0117128
12.0 40.00000 -2.13000 0.21537E+01 0.000565084 0.000659709 0.000659709 0.0119003
12.0 40.00000 -2.13000 0.21642E+01 0.000519619 0.00060752 0.00060752 0.0124232
12.0 40.00000 -2.13000 0.21747E+01 0.00049293 0.000577274 0.000577274 0.0128063
12.0 40.00000 -2.13000 0.21850E+01 0.000469414 0.000550599 0.000550599 0.0130696
12.0 40.00000 -2.13000 0.21953E+01 0.000439439 0.000516235 0.000516235 0.0136073
12.0 40.00000 -2.13000 0.22056E+01 0.000408835 0.000481137 0.000481137 0.0142692
12.0 40.00000 -2.13000 0.22158E+01 0.000385697 0.000454773 0.000454773 0.014746
12.0 40.00000 -2.13000 0.22259E+01 0.000365355 0.000432238 0.000432238 0.0154926
12.0 40.00000 -2.13000 0.22360E+01 0.000336549 0.000399766 0.000399766 0.016523
12.0 40.00000 -2.13000 0.22460E+01 0.000338182 0.000403121 0.000403121 0.0171314
12.0 40.00000 -2.13000 0.22559E+01 0.000301325 0.000360287 0.000360287 0.0184962
12.0 40.00000 -2.13000 0.22658E+01 0.000289136 0.000346668 0.000346668 0.0194225
12.0 40.00000 -2.13000 0.22757E+01 0.000267955 0.00032213 0.00032213 0.0214049
12.0 40.00000 -2.13000 0.22855E+01 0.000257395 0.000310255 0.000310255 0.0224437
12.0 40.00000 -2.13000 0.22952E+01 0.00022787 0.000275172 0.000275172 0.0252422
12.0 40.00000 -2.13000 0.23049E+01 0.000216785 0.000262099 0.000262099 0.0270172
12.0 40.00000 -2.13000 0.23145E+01 0.00019862 0.000240393 0.000240393 0.0299964
12.0 40.00000 -2.48000 0.22616E+01 0.000288088 0.000344997 0.000344997 0.018196
12.0 40.00000 -2.48000 0.22756E+01 0.000277143 0.000333176 0.000333176 0.01752
12.0 40.00000 -2.48000 0.22896E+01 0.000255688 0.000308501 0.000308501 0.0172289
12.0 40.00000 -2.48000 0.23035E+01 0.000221549 0.000267837 0.000267837 0.0177338
12.0 40.00000 -2.48000 0.23172E+01 0.000210752 0.000255134 0.000255134 0.0176904
12.0 40.00000 -2.48000 0.23308E+01 0.000187543 0.000227581 0.000227581 0.0180636
12.0 40.00000 -2.48000 0.23444E+01 0.000170437 0.000207483 0.000207483 0.0185086
12.0 40.00000 -2.48000 0.23578E+01 0.000158991 0.000194153 0.000194153 0.0190912
12.0 40.00000 -2.48000 0.23711E+01 0.000145203 0.000177702 0.000177702 0.0198163
12.0 40.00000 -2.48000 0.23843E+01 0.000132581 0.000162599 0.000162599 0.0208666
12.0 40.00000 -2.48000 0.23974E+01 0.000119205 0.000146672 0.000146672 0.0220068
12.0 40.00000 -2.48000 0.24104E+01 0.000103129 0.000127266 0.000127266 0.0238627
12.0 40.00000 -2.48000 0.24233E+01 9.23052e-05 0.000114213 0.000114213 0.0251333
12.0 40.00000 -2.48000 0.24361E+01 8.81423e-05 0.000109278 0.000109278 0.0259487
12.0 40.00000 -2.48000 0.24488E+01 7.85633e-05 9.77497e-05 9.77497e-05 0.0278774
12.0 40.00000 -2.48000 0.24615E+01 6.90209e-05 8.61289e-05 8.61289e-05 0.0294737
12.0 40.00000 -2.48000 0.24740E+01 6.34388e-05 7.93975e-05 7.93975e-05 0.030857
12.0 40.00000 -2.48000 0.24864E+01 5.6423e-05 7.0761e-05 7.0761e-05 0.0324444
12.0 40.00000 -2.48000 0.24987E+01 5.28216e-05 6.63954e-05 6.63954e-05 0.033768
12.0 40.00000 -2.48000 0.25110E+01 4.58821e-05 5.78696e-05 5.78696e-05 0.0361088
12.0 40.00000 -2.48000 0.25231E+01 4.54467e-05 5.74983e-05 5.74983e-05 0.0364657
12.0 40.00000 -2.48000 0.25352E+01 3.63623e-05 4.60822e-05 4.60822e-05 0.0409965
12.0 40.00000 -2.48000 0.25471E+01 3.49819e-05 4.44294e-05 4.44294e-05 0.041739
12.0 40.00000 -2.48000 0.25590E+01 3.15904e-05 4.02274e-05 4.02274e-05 0.0442812
12.0 40.00000 -2.48000 0.25708E+01 2.67268e-05 3.41298e-05 3.41298e-05 0.0481125
12.0 40.00000 -2.48000 0.25825E+01 2.6658e-05 3.41032e-05 3.41032e-05 0.0486211
12.0 40.00000 -2.48000 0.25941E+01 2.24802e-05 2.88035e-05 2.88035e-05 0.0553251
12.0 40.00000 -2.48000 0.26057E+01 2.04986e-05 2.63221e-05 2.63221e-05 0.0572602
12.0 40.00000 -2.48000 0.26171E+01 1.66332e-05 2.14077e-05 2.14077e-05 0.0656543
12.0 40.00000 -2.48000 0.26285E+01 1.65199e-05 2.12839e-05 2.12839e-05 0.0681991
12.0 40.00000 -2.48000 0.26398E+01 1.36758e-05 1.76384e-05 1.76384e-05 0.0843555
12.0 40.00000 -2.48000 0.26510E+01 1.47302e-05 1.90482e-05 1.90482e-05 0.078087
12.0 40.00000 -2.48000 0.26621E+01 1.1787e-05 1.5268e-05 1.5268e-05 0.0916688
12.0 40.00000 -2.48000 0.26731E+01 1.10017e-05 1.42527e-05 1.42527e-05 0.1005
12.0 40.00000 -2.48000 0.26841E+01 9.29258e-06 1.2054e-05 1.2054e-05 0.115464
12.0 40.00000 -2.48000 0.26950E+01 8.3465e-06 1.0851e-05 1.0851e-05 0.130192
12.0 40.00000 -2.90000 0.26450E+01 1.43969e-05 1.85919e-05 1.85919e-05 0.0783283
12.0 40.00000 -2.90000 0.26621E+01 1.05299e-05 1.36408e-05 1.36408e-05 0.0854377
12.0 40.00000 -2.90000 0.26791E+01 1.19536e-05 1.5492e-05 1.5492e-05 0.0760289
12.0 40.00000 -2.90000 0.26960E+01 8.5228e-06 1.10833e-05 1.10833e-05 0.0860632
12.0 40.00000 -2.90000 0.27126E+01 7.01027e-06 9.1192e-06 9.1192e-06 0.0962121
12.0 40.00000 -2.90000 0.27291E+01 6.04089e-06 7.86417e-06 7.86417e-06 0.101988
12.0 40.00000 -2.90000 0.27453E+01 4.8274e-06 6.29919e-06 6.29919e-06 0.106
12.0 40.00000 -2.90000 0.27614E+01 4.08473e-06 5.32552e-06 5.32552e-06 0.116248
12.0 40.00000 -2.90000 0.27774E+01 3.4884e-06 4.55457e-06 4.55457e-06 0.138467
12.0 40.00000 -2.90000 0.27931E+01 2.61857e-06 3.42195e-06 3.42195e-06 0.145869
12.0 40.00000 -2.90000 0.28087E+01 2.04336e-06 2.66506e-06 2.66506e-06 0.166664
12.0 40.00000 -2.90000 0.28242E+01 1.88015e-06 2.45507e-06 2.45507e-06 0.174079
12.0 40.00000 -2.90000 0.28395E+01 1.41688e-06 1.84836e-06 1.84836e-06 0.247172
12.0 40.00000 -2.90000 0.28546E+01 1.86009e-06 2.42235e-06 2.42235e-06 0.176778
12.0 40.00000 -2.90000 0.28695E+01 1.22576e-06 1.60022e-06 1.60022e-06 0.218218
12.0 40.00000 -2.90000 0.28843E+01 1.17648e-06 1.53787e-06 1.53787e-06 0.223605
12.0 40.00000 -2.90000 0.28990E+01 7.57182e-07 9.90592e-07 9.90592e-07 0.39458
12.0 40.00000 -2.90000 0.29135E+01 9.49201e-07 1.24445e-06 1.24445e-06 0.250002
12.0 40.00000 -2.90000 0.29279E+01 8.45688e-07 1.11115e-06 1.11115e-06 0.26726
12.0 40.00000 -2.90000 0.29421E+01 6.07055e-07 7.97964e-07 7.97964e-07 0.316229
12.0 40.00000 -2.90000 0.29562E+01 4.23815e-07 5.58771e-07 5.58771e-07 0.377976
12.0 40.00000 -2.90000 0.29701E+01 1.24171e-07 1.64112e-07 1.64112e-07 0.707114
12.0 40.00000 -2.90000 0.29839E+01 6.24002e-07 8.25214e-07 8.25214e-07 0.316229
12.0 40.00000 -2.90000 0.29976E+01 1.90021e-07 2.51968e-07 2.51968e-07 0.57735
12.0 40.00000 -2.90000 0.30111E+01 1.27127e-07 1.68903e-07 1.68903e-07 0.707114
12.0 40.00000 -2.90000 0.30245E+01 2.58718e-07 3.43976e-07 3.43976e-07 0.5
12.0 40.00000 -2.90000 0.30378E+01 1.30041e-07 1.73191e-07 1.73191e-07 0.707114
12.0 40.00000 -2.90000 0.30509E+01 1.33641e-07 1.78339e-07 1.78339e-07 0.707114
12.0 40.00000 -2.90000 0.30640E+01 2.13296e-07 2.85048e-07 2.85048e-07 0.57735
12.0 40.00000 -2.90000 0.30769E+01 2.30173e-07 3.08192e-07 3.08192e-07 0.57735
12.0 40.00000 -2.90000 0.31395E+01 1.32314e-07 1.79032e-07 1.79032e-07 1
12.0 50.00000 -0.86000 0.78401E+00 0.0117103 0.00910505 0.00910505 0.0235781
12.0 50.00000 -0.86000 0.78844E+00 0.0118431 0.00924753 0.00924753 0.0221094
12.0 50.00000 -0.86000 0.79285E+00 0.0113146 0.00887243 0.00887243 0.0217942
12.0 50.00000 -0.86000 0.79726E+00 0.0110217 0.00867882 0.00867882 0.0212175
12.0 50.00000 -0.86000 0.80167E+00 0.0109623 0.00866851 0.00866851 0.0202606
12.0 50.00000 -0.86000 0.80606E+00 0.0108407 0.00860762 0.00860762 0.0195193
12.0 50.00000 -0.86000 0.81045E+00 0.0107935 0.00860523 0.00860523 0.0189066
12.0 50.00000 -0.86000 0.81482E+00 0.0104273 0.00834704 0.00834704 0.0186451
12.0 50.00000 -0.86000 0.81920E+00 0.0101761 0.00817813 0.00817813 0.0185344
12.0 50.00000 -0.86000 0.82356E+00 0.0100286 0.00809129 0.00809129 0.0184542
12.0 50.00000 -0.86000 0.82791E+00 0.00987801 0.0080008 0.0080008 0.0186535
12.0 50.00000 -0.86000 0.83226E+00 0.0097721 0.00794562 0.00794562 0.0184853
12.0 50.00000 -0.86000 0.83660E+00 0.0100972 0.00823971 0.00823971 0.018117
12.0 50.00000 -0.86000 0.84093E+00 0.00980399 0.00802841 0.00802841 0.0184763
12.0 50.00000 -0.86000 0.84526E+00 0.00975661 0.00801781 0.00801781 0.018119
12.0 50.00000 -0.86000 0.84958E+00 0.00941853 0.007771 0.007771 0.0187542
12.0 50.00000 -0.86000 0.85388E+00 0.00954071 0.00790322 0.00790322 0.0182796
12.0 50.00000 -0.86000 0.85819E+00 0.00904406 0.00751941 0.00751941 0.0190961
12.0 50.00000 -0.86000 0.86248E+00 0.00919784 0.00767563 0.00767563 0.018609
12.0 50.00000 -0.86000 0.86677E+00 0.00892984 0.00747833 0.00747833 0.0189048
12.0 50.00000 -0.86000 0.87105E+00 0.00866589 0.0072826 0.0072826 0.0191975
12.0 50.00000 -0.86000 0.87532E+00 0.00861766 0.00726705 0.00726705 0.0191232
12.0 50.00000 -0.86000 0.87958E+00 0.00859874 0.00727642 0.00727642 0.0191031
12.0 50.00000 -0.86000 0.88384E+00 0.00831937 0.00706372 0.00706372 0.0195487
12.0 50.00000 -0.86000 0.88809E+00 0.00847427 0.00721949 0.00721949 0.0192117
12.0 50.00000 -0.86000 0.89233E+00 0.00827737 0.00707612 0.00707612 0.0195173
12.0 50.00000 -0.86000 0.89657E+00 0.00796746 0.00683341 0.00683341 0.0200429
12.0 50.00000 -0.86000 0.90080E+00 0.00797971 0.00686647 0.00686647 0.020532
12.0 50.00000 -0.86000 0.90502E+00 0.00772047 0.00666455 0.00666455 0.0213918
12.0 50.00000 -0.86000 0.90923E+00 0.00800796 0.00693482 0.00693482 0.0213243
12.0 50.00000 -0.86000 0.91344E+00 0.00747856 0.00649758 0.00649758 0.0228172
12.0 50.00000 -0.86000 0.91763E+00 0.00780825 0.00680479 0.00680479 0.0229978
12.0 50.00000 -0.86000 0.92183E+00 0.00744656 0.00650988 0.00650988 0.0246099
12.0 50.00000 -0.86000 0.92601E+00 0.0069497 0.00609373 0.00609373 0.0266459
12.0 50.00000 -0.86000 0.93019E+00 0.00750309 0.00659897 0.00659897 0.0266734
12.0 50.00000 -0.86000 0.93436E+00 0.00729982 0.00643895 0.00643895 0.028202
12.0 50.00000 -1.00000 0.91166E+00 0.00739192 0.00641366 0.00641366 0.0172831
12.0 50.00000 -1.00000 0.91683E+00 0.00743751 0.00647795 0.00647795 0.016185
12.0 50.00000 -1.00000 0.92200E+00 0.00728288 0.0063676 0.0063676 0.0157656
12.0 50.00000 -1.00000 0.92715E+00 0.00707847 0.00621164 0.00621164 0.015119
12.0 50.00000 -1.00000 0.93229E+00 0.00699689 0.00616286 0.00616286 0.0147136
12.0 50.00000 -1.00000 0.93743E+00 0.00683663 0.00604286 0.00604286 0.0142912
12.0 50.00000 -1.00000 0.94255E+00 0.00680794 0.00603881 0.00603881 0.0138418
12.0 50.00000 -1.00000 0.94766E+00 0.00669719 0.00596155 0.00596155 0.0135511
12.0 50.00000 -1.00000 0.95276E+00 0.00650369 0.00580974 0.00580974 0.0134116
12.0 50.00000 -1.00000 0.95785E+00 0.0066228 0.00593577 0.00593577 0.0132934
12.0 50.00000 -1.00000 0.96292E+00 0.00636556 0.00572446 0.00572446 0.0135446
12.0 50.00000 -1.00000 0.96799E+00 0.00632995 0.00571125 0.00571125 0.0134307
12.0 50.00000 -1.00000 0.97305E+00 0.00624094 0.00564937 0.00564937 0.0135925
12.0 50.00000 -1.00000 0.97809E+00 0.00610552 0.00554445 0.00554445 0.0136753
12.0 50.00000 -1.00000 0.98313E+00 0.00583651 0.00531693 0.00531693 0.0139208
12.0 50.00000 -1.00000 0.98815E+00 0.00577683 0.00527807 0.00527807 0.013998
12.0 50.00000 -1.00000 0.99317E+00 0.0056961 0.00521999 0.00521999 0.0140642
12.0 50.00000 -1.00000 0.99817E+00 0.0055869 0.00513524 0.00513524 0.0140935
12.0 50.00000 -1.00000 0.10032E+01 0.00564777 0.00520664 0.00520664 0.0139728
12.0 50.00000 -1.00000 0.10081E+01 0.005372 0.00496612 0.00496612 0.0143858
12.0 50.00000 -1.00000 0.10131E+01 0.00529878 0.00491228 0.00491228 0.0143772
12.0 50.00000 -1.00000 0.10181E+01 0.00530371 0.00493044 0.00493044 0.0144303
12.0 50.00000 -1.00000 0.10230E+01 0.00521083 0.00485741 0.00485741 0.0146079
12.0 50.00000 -1.00000 0.10280E+01 0.004861 0.00454358 0.00454358 0.0150946
12.0 50.00000 -1.00000 0.10329E+01 0.00504169 0.0047252 0.0047252 0.0147399
12.0 50.00000 -1.00000 0.10378E+01 0.0049041 0.00460819 0.00460819 0.0149506
12.0 50.00000 -1.00000 0.10427E+01 0.00461386 0.00434651 0.00434651 0.0158583
12.0 50.00000 -1.00000 0.10476E+01 0.00464003 0.0043821 0.0043821 0.0159163
12.0 50.00000 -1.00000 0.10525E+01 0.00478304 0.00452827 0.00452827 0.0160551
12.0 50.00000 -1.00000 0.10574E+01 0.00447265 0.00424426 0.00424426 0.0171246
12.0 50.00000 -1.00000 0.10623E+01 0.00435493 0.00414251 0.00414251 0.0177644
12.0 50.00000 -1.00000 0.10671E+01 0.00440504 0.00419978 0.00419978 0.018322
12.0 50.00000 -1.00000 0.10720E+01 0.00428789 0.0040978 0.0040978 0.0191655
12.0 50.00000 -1.00000 0.10768E+01 0.00419368 0.00401674 0.00401674 0.0204729
12.0 50.00000 -1.00000 0.10817E+01 0.0040451 0.00388336 0.00388336 0.0217629
12.0 50.00000 -1.00000 0.10865E+01 0.00390544 0.00375811 0.00375811 0.0235198
12.0 50.00000 -1.17000 0.10667E+01 0.00429087 0.00409002 0.00409002 0.01202
12.0 50.00000 -1.17000 0.10728E+01 0.00421352 0.00402822 0.00402822 0.0113959
12.0 50.00000 -1.17000 0.10789E+01 0.00411004 0.00394068 0.00394068 0.0108839
12.0 50.00000 -1.17000 0.10849E+01 0.00401167 0.00385732 0.00385732 0.0104914
12.0 50.00000 -1.17000 0.10910E+01 0.00390909 0.00376942 0.00376942 0.0101912
12.0 50.00000 -1.17000 0.10970E+01 0.00382691 0.0037005 0.0037005 0.0100948
12.0 50.00000 -1.17000 0.11030E+01 0.00371305 0.0035998 0.0035998 0.00974451
12.0 50.00000 -1.17000 0.11090E+01 0.00361532 0.00351367 0.00351367 0.00964987
12.0 50.00000 -1.17000 0.11150E+01 0.0035191 0.00342889 0.00342889 0.00954358
12.0 50.00000 -1.17000 0.11210E+01 0.00346975 0.00338901 0.00338901 0.00975508
12.0 50.00000 -1.17000 0.11270E+01 0.00342975 0.00335842 0.00335842 0.00979448
12.0 50.00000 -1.17000 0.11329E+01 0.00331233 0.00325166 0.00325166 0.00985176
12.0 50.00000 -1.17000 0.11389E+01 0.00322827 0.0031769 0.0031769 0.00992672
12.0 50.00000 -1.17000 0.11448E+01 0.00315328 0.00311089 0.00311089 0.00998846
12.0 50.00000 -1.17000 0.11507E+01 0.00306343 0.00302927 0.00302927 0.0100856
12.0 50.00000 -1.17000 0.11566E+01 0.00298457 0.00295807 0.00295807 0.0102313
12.0 50.00000 -1.17000 0.11624E+01 0.00294654 0.00292693 0.00292693 0.0102913
12.0 50.00000 -1.17000 0.11683E+01 0.00290245 0.00288917 0.00288917 0.0104286
12.0 50.00000 -1.17000 0.11741E+01 0.00284167 0.00283487 0.00283487 0.0104599
12.0 50.00000 -1.17000 0.11799E+01 0.00266152 0.00266113 0.00266113 0.0108897
12.0 50.00000 -1.17000 0.11858E+01 0.00262326 0.00262848 0.00262848 0.0108352
12.0 50.00000 -1.17000 0.11916E+01 0.00254749 0.00255819 0.00255819 0.011154
12.0 50.00000 -1.17000 0.11973E+01 0.00257007 0.00258655 0.00258655 0.010973
12.0 50.00000 -1.17000 0.12031E+01 0.00249456 0.00251568 0.00251568 0.0111756
12.0 50.00000 -1.17000 0.12089E+01 0.00239551 0.00242042 0.00242042 0.0112954
12.0 50.00000 -1.17000 0.12146E+01 0.00231468 0.00234339 0.00234339 0.011557
12.0 50.00000 -1.17000 0.12203E+01 0.00227447 0.00230728 0.00230728 0.0117064
12.0 50.00000 -1.17000 0.12260E+01 0.00222689 0.00226352 0.00226352 0.0122078
12.0 50.00000 -1.17000 0.12317E+01 0.00221753 0.0022585 0.0022585 0.0123143
12.0 50.00000 -1.17000 0.12374E+01 0.00211155 0.00215462 0.00215462 0.0130714
12.0 50.00000 -1.17000 0.12431E+01 0.00205451 0.00210037 0.00210037 0.0135093
12.0 50.00000 -1.17000 0.12487E+01 0.00200849 0.00205738 0.00205738 0.0141704
12.0 50.00000 -1.17000 0.12544E+01 0.00196656 0.00201843 0.00201843 0.0150087
12.0 50.00000 -1.17000 0.12600E+01 0.00191077 0.00196503 0.00196503 0.0159909
12.0 50.00000 -1.17000 0.12656E+01 0.00186048 0.00191708 0.00191708 0.016972
12.0 50.00000 -1.17000 0.12712E+01 0.00183222 0.0018913 0.0018913 0.017816
12.0 50.00000 -1.36000 0.12399E+01 0.00204828 0.00209193 0.00209193 0.0185605
12.0 50.00000 -1.36000 0.12471E+01 0.00204663 0.00209542 0.00209542 0.0175636
12.0 50.00000 -1.36000 0.12542E+01 0.00195539 0.00200696 0.00200696 0.0169318
12.0 50.00000 -1.36000 0.12613E+01 0.0018594 0.00191314 0.00191314 0.0165427
12.0 50.00000 -1.36000 0.12684E+01 0.00185887 0.00191731 0.00191731 0.0158676
12.0 50.00000 -1.36000 0.12755E+01 0.00171903 0.00177708 0.00177708 0.0160195
12.0 50.00000 -1.36000 0.12825E+01 0.0016684 0.00172863 0.00172863 0.0157874
12.0 50.00000 -1.36000 0.12896E+01 0.00162099 0.00168263 0.00168263 0.0156139
12.0 50.00000 -1.36000 0.12966E+01 0.00157052 0.00163374 0.00163374 0.0157456
12.0 50.00000 -1.36000 0.13035E+01 0.00157037 0.00163709 0.00163709 0.0156994
12.0 50.00000 -1.36000 0.13105E+01 0.00157569 0.00164695 0.00164695 0.0155382
12.0 50.00000 -1.36000 0.13174E+01 0.00145778 0.00152771 0.00152771 0.0162531
12.0 50.00000 -1.36000 0.13243E+01 0.00134967 0.00141757 0.00141757 0.0170245
12.0 50.00000 -1.36000 0.13312E+01 0.00137249 0.0014439 0.0014439 0.0167478
12.0 50.00000 -1.36000 0.13381E+01 0.00128973 0.00135919 0.00135919 0.0174363
12.0 50.00000 -1.36000 0.13450E+01 0.00122693 0.00129549 0.00129549 0.0176355
12.0 50.00000 -1.36000 0.13518E+01 0.00113736 0.00120391 0.00120391 0.0185219
12.0 50.00000 -1.36000 0.13586E+01 0.00116319 0.00123433 0.00123433 0.0183412
12.0 50.00000 -1.36000 0.13654E+01 0.00110277 0.00117302 0.00117302 0.0187325
12.0 50.00000 -1.36000 0.13722E+01 0.00107403 0.00114475 0.00114475 0.018973
12.0 50.00000 -1.36000 0.13789E+01 0.00101552 0.00108445 0.00108445 0.0195993
12.0 50.00000 -1.36000 0.13856E+01 0.000976778 0.00104507 0.00104507 0.019976
12.0 50.00000 -1.36000 0.13923E+01 0.000988519 0.00105963 0.00105963 0.0198594
12.0 50.00000 -1.36000 0.13990E+01 0.000926999 0.000995857 0.000995857 0.0203448
12.0 50.00000 -1.36000 0.14057E+01 0.000902643 0.000971995 0.000971995 0.0207396
12.0 50.00000 -1.36000 0.14123E+01 0.000865056 0.000933557 0.000933557 0.021301
12.0 50.00000 -1.36000 0.14189E+01 0.000817333 0.000883553 0.000883553 0.0221477
12.0 50.00000 -1.36000 0.14255E+01 0.000803518 0.00086992 0.00086992 0.0227206
12.0 50.00000 -1.36000 0.14321E+01 0.000756097 0.000819794 0.000819794 0.02397
12.0 50.00000 -1.36000 0.14387E+01 0.00076024 0.000826138 0.000826138 0.0244693
12.0 50.00000 -1.36000 0.14452E+01 0.000713045 0.000776816 0.000776816 0.0261168
12.0 50.00000 -1.36000 0.14518E+01 0.000693146 0.000757054 0.000757054 0.0275378
12.0 50.00000 -1.36000 0.14583E+01 0.000613474 0.000671602 0.000671602 0.0302893
12.0 50.00000 -1.36000 0.14648E+01 0.000650582 0.000713751 0.000713751 0.0309041
12.0 50.00000 -1.36000 0.14712E+01 0.000636243 0.000699657 0.000699657 0.0339143
12.0 50.00000 -1.36000 0.14777E+01 0.000566166 0.000623877 0.000623877 0.0370994
12.0 50.00000 -1.59000 0.14497E+01 0.000708737 0.000773502 0.000773502 0.0198191
12.0 50.00000 -1.59000 0.14581E+01 0.000681188 0.000745663 0.000745663 0.019292
12.0 50.00000 -1.59000 0.14666E+01 0.000639398 0.000702009 0.000702009 0.0188344
12.0 50.00000 -1.59000 0.14750E+01 0.000608305 0.000669874 0.000669874 0.0181538
12.0 50.00000 -1.59000 0.14833E+01 0.000598162 0.000660051 0.000660051 0.017758
12.0 50.00000 -1.59000 0.14917E+01 0.000562641 0.000622172 0.000622172 0.0176298
12.0 50.00000 -1.59000 0.15000E+01 0.000527151 0.000584382 0.000584382 0.0176159
12.0 50.00000 -1.59000 0.15083E+01 0.000512804 0.000569901 0.000569901 0.0176785
12.0 50.00000 -1.59000 0.15165E+01 0.000477934 0.000532435 0.000532435 0.0184295
12.0 50.00000 -1.59000 0.15247E+01 0.000463528 0.000517251 0.000517251 0.0185431
12.0 50.00000 -1.59000 0.15329E+01 0.000437683 0.00048865 0.00048865 0.0190098
12.0 50.00000 -1.59000 0.15411E+01 0.000399702 0.000446998 0.000446998 0.0201339
12.0 50.00000 -1.59000 0.15492E+01 0.000391487 0.000439068 0.000439068 0.0202006
12.0 50.00000 -1.59000 0.15573E+01 0.00035325 0.000397967 0.000397967 0.0213314
12.0 50.00000 -1.59000 0.15653E+01 0.000333106 0.000377427 0.000377427 0.0220421
12.0 50.00000 -1.59000 0.15733E+01 0.000314291 0.000357807 0.000357807 0.0227506
12.0 50.00000 -1.59000 0.15813E+01 0.000321115 0.000364393 0.000364393 0.0219588
12.0 50.00000 -1.59000 0.15893E+01 0.000281686 0.000319434 0.000319434 0.0239896
12.0 50.00000 -1.59000 0.15972E+01 0.000264205 0.00030004 0.00030004 0.0246351
12.0 50.00000 -1.59000 0.16051E+01 0.000257944 0.000293429 0.000293429 0.0249617
12.0 50.00000 -1.59000 0.16130E+01 0.00024299 0.000276974 0.000276974 0.0257321
12.0 50.00000 -1.59000 0.16208E+01 0.000229499 0.000261999 0.000261999 0.0264654
12.0 50.00000 -1.59000 0.16287E+01 0.000214862 0.000245594 0.000245594 0.0276466
12.0 50.00000 -1.59000 0.16364E+01 0.000198829 0.000227526 0.000227526 0.0285603
12.0 50.00000 -1.59000 0.16442E+01 0.000179142 0.000205304 0.000205304 0.0303295
12.0 50.00000 -1.59000 0.16519E+01 0.000182547 0.000209575 0.000209575 0.0300099
12.0 50.00000 -1.59000 0.16596E+01 0.000174368 0.00020063 0.00020063 0.0307346
12.0 50.00000 -1.59000 0.16673E+01 0.000155246 0.000179038 0.000179038 0.0334283
12.0 50.00000 -1.59000 0.16749E+01 0.000145657 0.000168333 0.000168333 0.0357851
12.0 50.00000 -1.59000 0.16825E+01 0.00015135 0.000175456 0.000175456 0.0364874
12.0 50.00000 -1.59000 0.16901E+01 0.000136977 0.000159316 0.000159316 0.0388254
12.0 50.00000 -1.59000 0.16977E+01 0.000131122 0.000153022 0.000153022 0.0412892
12.0 50.00000 -1.59000 0.17052E+01 0.000127451 0.000149267 0.000149267 0.0429302
12.0 50.00000 -1.59000 0.17127E+01 0.000115949 0.000136287 0.000136287 0.0482946
12.0 50.00000 -1.59000 0.17202E+01 0.000113772 0.000134124 0.000134124 0.0504181
12.0 50.00000 -1.59000 0.17276E+01 9.61287e-05 0.000113589 0.000113589 0.0584807
12.0 50.00000 -1.86000 0.16959E+01 0.000139826 0.000163033 0.000163033 0.0325471
12.0 50.00000 -1.86000 0.17060E+01 0.000114361 0.000133985 0.000133985 0.0356826
12.0 50.00000 -1.86000 0.17160E+01 0.0001102 0.000129715 0.000129715 0.0322593
12.0 50.00000 -1.86000 0.17260E+01 0.000106338 0.000125607 0.000125607 0.0318803
12.0 50.00000 -1.86000 0.17359E+01 9.01403e-05 0.000106723 0.000106723 0.0345466
12.0 50.00000 -1.86000 0.17458E+01 8.66168e-05 0.000102658 0.000102658 0.0368579
12.0 50.00000 -1.86000 0.17556E+01 8.1634e-05 9.7016e-05 9.7016e-05 0.0342506
12.0 50.00000 -1.86000 0.17654E+01 6.79838e-05 8.09716e-05 8.09716e-05 0.0379237
12.0 50.00000 -1.86000 0.17751E+01 6.47071e-05 7.72204e-05 7.72204e-05 0.0364553
12.0 50.00000 -1.86000 0.17848E+01 6.62205e-05 7.92162e-05 7.92162e-05 0.034628
12.0 50.00000 -1.86000 0.17944E+01 6.00187e-05 7.18922e-05 7.18922e-05 0.0409922
12.0 50.00000 -1.86000 0.18040E+01 5.09556e-05 6.11756e-05 6.11756e-05 0.0416688
12.0 50.00000 -1.86000 0.18136E+01 5.09141e-05 6.13076e-05 6.13076e-05 0.0396216
12.0 50.00000 -1.86000 0.18231E+01 4.56043e-05 5.50611e-05 5.50611e-05 0.0441662
12.0 50.00000 -1.86000 0.18325E+01 3.99775e-05 4.83348e-05 4.83348e-05 0.0501985
12.0 50.00000 -1.86000 0.18419E+01 3.37655e-05 4.09112e-05 4.09112e-05 0.0488526
12.0 50.00000 -1.86000 0.18513E+01 3.32572e-05 4.03885e-05 4.03885e-05 0.0529218
12.0 50.00000 -1.86000 0.18606E+01 3.05309e-05 3.71757e-05 3.71757e-05 0.0637422
12.0 50.00000 -1.86000 0.18699E+01 2.8938e-05 3.53349e-05 3.53349e-05 0.053074
12.0 50.00000 -1.86000 0.18791E+01 2.82321e-05 3.45352e-05 3.45352e-05 0.0540742
12.0 50.00000 -1.86000 0.18883E+01 2.4613e-05 3.01524e-05 3.01524e-05 0.0635858
12.0 50.00000 -1.86000 0.18974E+01 2.19487e-05 2.69546e-05 2.69546e-05 0.0610855
12.0 50.00000 -1.86000 0.19065E+01 1.87028e-05 2.30292e-05 2.30292e-05 0.0834418
12.0 50.00000 -1.86000 0.19156E+01 1.94113e-05 2.39621e-05 2.39621e-05 0.0737131
12.0 50.00000 -1.86000 0.19246E+01 1.49957e-05 1.85373e-05 1.85373e-05 0.0745356
12.0 50.00000 -1.86000 0.19336E+01 1.44441e-05 1.78915e-05 1.78915e-05 0.0758102
12.0 50.00000 -1.86000 0.19425E+01 1.333e-05 1.65499e-05 1.65499e-05 0.0800641
12.0 50.00000 -1.86000 0.19514E+01 1.0229e-05 1.27195e-05 1.27195e-05 0.113921
12.0 50.00000 -1.86000 0.19602E+01 1.14942e-05 1.43226e-05 1.43226e-05 0.0890874
12.0 50.00000 -1.86000 0.19691E+01 9.79276e-06 1.22385e-05 1.22385e-05 0.0995052
12.0 50.00000 -1.86000 0.19778E+01 8.32154e-06 1.04219e-05 1.04219e-05 0.111803
12.0 50.00000 -1.86000 0.19865E+01 8.59693e-06 1.07706e-05 1.07706e-05 0.113963
12.0 50.00000 -1.86000 0.19952E+01 5.35685e-06 6.70874e-06 6.70874e-06 0.241412
12.0 50.00000 -1.86000 0.20039E+01 7.7105e-06 9.69086e-06 9.69086e-06 0.133628
12.0 50.00000 -1.86000 0.20125E+01 8.9593e-06 1.13066e-05 1.13066e-05 0.130195
12.0 50.00000 -1.86000 0.20210E+01 5.74751e-06 7.25721e-06 7.25721e-06 0.174078
12.0 50.00000 -2.17000 0.19787E+01 9.88124e-06 1.23763e-05 1.23763e-05 0.109769
12.0 50.00000 -2.17000 0.19907E+01 6.67997e-06 8.36553e-06 8.36553e-06 0.168537
12.0 50.00000 -2.17000 0.20026E+01 6.50617e-06 8.17295e-06 8.17295e-06 0.117847
12.0 50.00000 -2.17000 0.20145E+01 6.48964e-06 8.19733e-06 8.19733e-06 0.112503
12.0 50.00000 -2.17000 0.20263E+01 5.12138e-06 6.46329e-06 6.46329e-06 0.163755
12.0 50.00000 -2.17000 0.20380E+01 4.93493e-06 6.22911e-06 6.22911e-06 0.120389
12.0 50.00000 -2.17000 0.20496E+01 4.98561e-06 6.32351e-06 6.32351e-06 0.117847
12.0 50.00000 -2.17000 0.20612E+01 3.46056e-06 4.39632e-06 4.39632e-06 0.14142
12.0 50.00000 -2.17000 0.20727E+01 3.29999e-06 4.19175e-06 4.19175e-06 0.218498
12.0 50.00000 -2.17000 0.20841E+01 4.09299e-06 5.20487e-06 5.20487e-06 0.13019
12.0 50.00000 -2.17000 0.20954E+01 3.58713e-06 4.57594e-06 4.57594e-06 0.140033
12.0 50.00000 -2.17000 0.21067E+01 2.48743e-06 3.17869e-06 3.17869e-06 0.169034
12.0 50.00000 -2.17000 0.21179E+01 2.05101e-06 2.61837e-06 2.61837e-06 0.1857
12.0 50.00000 -2.17000 0.21291E+01 1.84239e-06 2.35322e-06 2.35322e-06 0.196111
12.0 50.00000 -2.17000 0.21401E+01 1.8423e-06 2.35877e-06 2.35877e-06 0.196111
12.0 50.00000 -2.17000 0.21511E+01 1.79491e-06 2.29881e-06 2.29881e-06 0.2
12.0 50.00000 -2.17000 0.21621E+01 1.5183e-06 1.94249e-06 1.94249e-06 0.218216
12.0 50.00000 -2.17000 0.21729E+01 9.36503e-07 1.19871e-06 1.19871e-06 0.277347
12.0 50.00000 -2.17000 0.21837E+01 7.2067e-07 9.24566e-07 9.24566e-07 0.316226
12.0 50.00000 -2.17000 0.21945E+01 8.0554e-07 1.0328e-06 1.0328e-06 0.301505
12.0 50.00000 -2.17000 0.22052E+01 2.18403e-07 2.79504e-07 2.79504e-07 2.56032
12.0 50.00000 -2.17000 0.22158E+01 8.80531e-07 1.12716e-06 1.12716e-06 0.288678
12.0 50.00000 -2.17000 0.22263E+01 3.70681e-07 4.75126e-07 4.75126e-07 0.447216
12.0 50.00000 -2.17000 0.22368E+01 3.69058e-07 4.72208e-07 4.72208e-07 0.447216
12.0 50.00000 -2.17000 0.22472E+01 5.96389e-07 7.60627e-07 7.60627e-07 0.353551
12.0 50.00000 -2.17000 0.22576E+01 3.74475e-07 4.78132e-07 4.78132e-07 0.447216
12.0 50.00000 -2.17000 0.22679E+01 6.09584e-07 7.80373e-07 7.80373e-07 0.353551
12.0 50.00000 -2.17000 0.22782E+01 3.84968e-07 4.92991e-07 4.92991e-07 0.447216
12.0 50.00000 -2.17000 0.22883E+01 3.15132e-07 4.03687e-07 4.03687e-07 0.5
12.0 50.00000 -2.17000 0.22985E+01 1.71171e-07 2.19719e-07 2.19719e-07 0.707099
12.0 50.00000 -2.17000 0.23085E+01 9.22461e-08 1.18738e-07 1.18738e-07 1
12.0 50.00000 -2.17000 0.23185E+01 9.95274e-08 1.28241e-07 1.28241e-07 1
12.0 50.00000 -2.17000 0.23285E+01 1.10683e-07 1.42712e-07 1.42712e-07 1
