64.0 18.00000 -3.74000 0.34129E+01 1.17124 1.38664 1.38664 0.00604462
64.0 18.00000 -3.74000 0.34384E+01 1.16221 1.38475 1.38475 0.00584151
64.0 18.00000 -3.74000 0.34634E+01 1.12724 1.35198 1.35198 0.00573521
64.0 18.00000 -3.74000 0.34879E+01 1.0829 1.30716 1.30716 0.00563898
64.0 18.00000 -3.74000 0.35118E+01 1.08017 1.31222 1.31222 0.00555677
64.0 18.00000 -3.74000 0.35352E+01 1.0506 1.2843 1.2843 0.00552772
64.0 18.00000 -3.74000 0.35582E+01 1.01305 1.24705 1.24705 0.00551823
64.0 18.00000 -3.74000 0.35807E+01 0.990235 1.22588 1.22588 0.00551948
64.0 18.00000 -3.74000 0.36027E+01 0.965281 1.2012 1.2012 0.00552276
64.0 18.00000 -3.74000 0.36243E+01 0.936109 1.17317 1.17317 0.00559283
64.0 18.00000 -3.74000 0.36455E+01 0.888473 1.11974 1.11974 0.00575169
64.0 18.00000 -3.74000 0.36663E+01 0.871232 1.1031 1.1031 0.00588076
64.0 18.00000 -3.74000 0.36866E+01 0.84044 1.07015 1.07015 0.00601155
64.0 18.00000 -3.74000 0.37066E+01 0.825637 1.05721 1.05721 0.00616073
64.0 18.00000 -3.74000 0.37262E+01 0.789399 1.01547 1.01547 0.00631399
64.0 18.00000 -3.74000 0.37454E+01 0.768428 0.994859 0.994859 0.00646967
64.0 18.00000 -3.74000 0.37642E+01 0.750246 0.975535 0.975535 0.00662873
64.0 18.00000 -3.74000 0.37827E+01 0.720524 0.941406 0.941406 0.00683758
64.0 18.00000 -3.74000 0.38009E+01 0.702007 0.920739 0.920739 0.00699133
64.0 18.00000 -3.74000 0.38187E+01 0.660708 0.86975 0.86975 0.00721616
64.0 18.00000 -3.74000 0.38363E+01 0.659112 0.871525 0.871525 0.00736502
64.0 18.00000 -3.74000 0.38535E+01 0.63448 0.843236 0.843236 0.00757044
64.0 18.00000 -3.74000 0.38704E+01 0.616326 0.822239 0.822239 0.00785185
64.0 18.00000 -3.74000 0.38870E+01 0.579193 0.775585 0.775585 0.00825718
64.0 18.00000 -3.74000 0.39033E+01 0.579515 0.778117 0.778117 0.0084992
64.0 18.00000 -3.74000 0.39193E+01 0.538247 0.725216 0.725216 0.00899056
64.0 18.00000 -3.74000 0.39351E+01 0.53098 0.717843 0.717843 0.00940361
64.0 18.00000 -3.74000 0.39506E+01 0.508067 0.688553 0.688553 0.00989183
64.0 18.00000 -3.74000 0.39658E+01 0.496456 0.674748 0.674748 0.0103131
64.0 18.00000 -3.74000 0.39808E+01 0.474364 0.646328 0.646328 0.0108998
64.0 18.00000 -3.74000 0.39955E+01 0.472276 0.644812 0.644812 0.0114243
64.0 18.00000 -3.74000 0.40100E+01 0.441531 0.604315 0.604315 0.0124055
64.0 18.00000 -3.74000 0.40243E+01 0.425639 0.583877 0.583877 0.0129956
64.0 18.00000 -3.74000 0.40383E+01 0.412129 0.566615 0.566615 0.0138356
64.0 18.00000 -3.74000 0.40521E+01 0.40686 0.560791 0.560791 0.0148544
64.0 18.00000 -3.74000 0.40657E+01 0.403524 0.557205 0.557205 0.0156402
64.0 18.00000 -4.37000 0.39918E+01 0.461315 0.62941 0.62941 0.00405241
64.0 18.00000 -4.37000 0.40291E+01 0.423553 0.581503 0.581503 0.00399358
64.0 18.00000 -4.37000 0.40648E+01 0.384681 0.531056 0.531056 0.00399247
64.0 18.00000 -4.37000 0.40990E+01 0.354508 0.492276 0.492276 0.00405131
64.0 18.00000 -4.37000 0.41319E+01 0.329229 0.459767 0.459767 0.00414495
64.0 18.00000 -4.37000 0.41635E+01 0.304594 0.427255 0.427255 0.00427473
64.0 18.00000 -4.37000 0.41940E+01 0.280906 0.396288 0.396288 0.0045181
64.0 18.00000 -4.37000 0.42233E+01 0.259861 0.367175 0.367175 0.004769
64.0 18.00000 -4.37000 0.42515E+01 0.240957 0.341552 0.341552 0.00505825
64.0 18.00000 -4.37000 0.42787E+01 0.219529 0.313109 0.313109 0.00535237
64.0 18.00000 -4.37000 0.43049E+01 0.205099 0.295417 0.295417 0.00563701
64.0 18.00000 -4.37000 0.43303E+01 0.185515 0.271897 0.271897 0.00600351
64.0 18.00000 -4.37000 0.43548E+01 0.170483 0.253771 0.253771 0.00637349
64.0 18.00000 -4.37000 0.43784E+01 0.158457 0.238119 0.238119 0.00669689
64.0 18.00000 -4.37000 0.44013E+01 0.146929 0.223858 0.223858 0.00708805
64.0 18.00000 -4.37000 0.44234E+01 0.132556 0.205481 0.205481 0.00757005
64.0 18.00000 -4.37000 0.44448E+01 0.125056 0.197201 0.197201 0.00787966
64.0 18.00000 -4.37000 0.44656E+01 0.112297 0.180061 0.180061 0.00847066
64.0 18.00000 -4.37000 0.44857E+01 0.102835 0.167481 0.167481 0.00898866
64.0 18.00000 -4.37000 0.45052E+01 0.0927523 0.153254 0.153254 0.00961178
64.0 18.00000 -4.37000 0.45241E+01 0.0844428 0.141412 0.141412 0.0102327
64.0 18.00000 -4.37000 0.45425E+01 0.0762471 0.129206 0.129206 0.0108869
64.0 18.00000 -4.37000 0.45603E+01 0.0664727 0.113864 0.113864 0.0118544
64.0 18.00000 -4.37000 0.45776E+01 0.0598676 0.103566 0.103566 0.0127037
64.0 18.00000 -4.37000 0.45944E+01 0.0541217 0.0944469 0.0944469 0.0135046
64.0 18.00000 -4.37000 0.46108E+01 0.0460645 0.0810342 0.0810342 0.0149922
64.0 18.00000 -4.37000 0.46267E+01 0.0415095 0.0735332 0.0735332 0.0164329
64.0 18.00000 -4.37000 0.46421E+01 0.0365221 0.0651162 0.0651162 0.0184329
64.0 18.00000 -4.37000 0.46572E+01 0.0332196 0.0595178 0.0595178 0.0202443
64.0 18.00000 -4.37000 0.46718E+01 0.0291897 0.0526148 0.0526148 0.0227805
64.0 18.00000 -4.37000 0.46861E+01 0.0249839 0.0452708 0.0452708 0.0259853
64.0 18.00000 -4.37000 0.47000E+01 0.0205407 0.0374028 0.0374028 0.0303734
64.0 18.00000 -4.37000 0.47136E+01 0.018487 0.0337998 0.0337998 0.0341006
64.0 18.00000 -4.37000 0.47268E+01 0.0165316 0.0303327 0.0303327 0.0383478
64.0 18.00000 -4.37000 0.47397E+01 0.0143477 0.0264048 0.0264048 0.0443681
64.0 18.00000 -4.37000 0.47522E+01 0.0124571 0.0229658 0.0229658 0.0510972
64.0 18.00000 -5.10000 0.46829E+01 0.0242567 0.0439042 0.0439042 0.00242687
64.0 18.00000 -5.10000 0.47656E+01 0.01061 0.0196096 0.0196096 0.00346278
64.0 18.00000 -5.10000 0.48366E+01 0.00504762 0.00943131 0.00943131 0.0052919
64.0 18.00000 -5.10000 0.48982E+01 0.00266235 0.00503079 0.00503079 0.0077965
64.0 18.00000 -5.10000 0.49521E+01 0.00146074 0.00279584 0.00279584 0.0111199
64.0 18.00000 -5.10000 0.49997E+01 0.000824922 0.00159856 0.00159856 0.01565
64.0 18.00000 -5.10000 0.50420E+01 0.000486339 0.000955274 0.000955274 0.0215016
64.0 18.00000 -5.10000 0.50800E+01 0.000286644 0.000570989 0.000570989 0.0292728
64.0 18.00000 -5.10000 0.51141E+01 0.000178663 0.000360583 0.000360583 0.0389847
64.0 18.00000 -5.10000 0.51450E+01 9.99295e-05 0.000204125 0.000204125 0.0539163
64.0 18.00000 -5.10000 0.51731E+01 7.11881e-05 0.000147049 0.000147049 0.0663733
64.0 18.00000 -5.10000 0.51988E+01 4.29185e-05 8.95704e-05 8.95704e-05 0.0890857
64.0 18.00000 -5.10000 0.52223E+01 1.91251e-05 4.03026e-05 4.03026e-05 0.13736
64.0 18.00000 -5.10000 0.52440E+01 1.71181e-05 3.63901e-05 3.63901e-05 0.150754
64.0 18.00000 -5.10000 0.52640E+01 1.04881e-05 2.24814e-05 2.24814e-05 0.199996
64.0 18.00000 -5.10000 0.52825E+01 7.01833e-06 1.51616e-05 1.51616e-05 0.249994
64.0 18.00000 -5.10000 0.52997E+01 5.59322e-06 1.21723e-05 1.21723e-05 0.28868
64.0 18.00000 -5.10000 0.53157E+01 3.53213e-06 7.73925e-06 7.73925e-06 0.377964
64.0 18.00000 -5.10000 0.53307E+01 2.59992e-06 5.7334e-06 5.7334e-06 0.447222
64.0 18.00000 -5.10000 0.53447E+01 1.64593e-06 3.65223e-06 3.65223e-06 0.57735
64.0 18.00000 -5.10000 0.53578E+01 5.86696e-07 1.30934e-06 1.30934e-06 1
64.0 18.00000 -5.10000 0.53702E+01 2.44762e-06 5.49194e-06 5.49194e-06 0.5
64.0 18.00000 -5.10000 0.53818E+01 6.40721e-07 1.44504e-06 1.44504e-06 1
64.0 18.00000 -5.10000 0.54031E+01 6.73622e-07 1.53382e-06 1.53382e-06 1
64.0 18.00000 -5.10000 0.54393E+01 1.65443e-06 3.83047e-06 3.83047e-06 1
64.0 22.00000 -3.44000 0.31384E+01 0.309991 0.381258 0.381258 0.00589355
64.0 22.00000 -3.44000 0.31604E+01 0.299747 0.370958 0.370958 0.00574923
64.0 22.00000 -3.44000 0.31821E+01 0.288343 0.358541 0.358541 0.00563227
64.0 22.00000 -3.44000 0.32035E+01 0.278609 0.348851 0.348851 0.00552631
64.0 22.00000 -3.44000 0.32245E+01 0.270219 0.340695 0.340695 0.00548526
64.0 22.00000 -3.44000 0.32451E+01 0.258535 0.327352 0.327352 0.00547106
64.0 22.00000 -3.44000 0.32654E+01 0.252729 0.321911 0.321911 0.00542558
64.0 22.00000 -3.44000 0.32854E+01 0.238552 0.305941 0.305941 0.00547675
64.0 22.00000 -3.44000 0.33051E+01 0.231021 0.297667 0.297667 0.0054976
64.0 22.00000 -3.44000 0.33245E+01 0.219245 0.283643 0.283643 0.00559602
64.0 22.00000 -3.44000 0.33435E+01 0.209582 0.272816 0.272816 0.0057732
64.0 22.00000 -3.44000 0.33623E+01 0.20272 0.265245 0.265245 0.00592995
64.0 22.00000 -3.44000 0.33808E+01 0.191298 0.251705 0.251705 0.006145
64.0 22.00000 -3.44000 0.33990E+01 0.182341 0.241093 0.241093 0.0063264
64.0 22.00000 -3.44000 0.34169E+01 0.176637 0.234294 0.234294 0.00651924
64.0 22.00000 -3.44000 0.34345E+01 0.167235 0.222488 0.222488 0.00669769
64.0 22.00000 -3.44000 0.34519E+01 0.163017 0.218008 0.218008 0.00687172
64.0 22.00000 -3.44000 0.34691E+01 0.153993 0.207358 0.207358 0.00710466
64.0 22.00000 -3.44000 0.34859E+01 0.149841 0.20227 0.20227 0.00727807
64.0 22.00000 -3.44000 0.35026E+01 0.141933 0.192341 0.192341 0.00752109
64.0 22.00000 -3.44000 0.35190E+01 0.136489 0.185687 0.185687 0.00770649
64.0 22.00000 -3.44000 0.35351E+01 0.128886 0.176025 0.176025 0.00797927
64.0 22.00000 -3.44000 0.35510E+01 0.124407 0.170458 0.170458 0.00820306
64.0 22.00000 -3.44000 0.35667E+01 0.118524 0.162805 0.162805 0.00851485
64.0 22.00000 -3.44000 0.35822E+01 0.112597 0.155128 0.155128 0.00895772
64.0 22.00000 -3.44000 0.35975E+01 0.108895 0.150561 0.150561 0.0093704
64.0 22.00000 -3.44000 0.36125E+01 0.102979 0.142886 0.142886 0.00990582
64.0 22.00000 -3.44000 0.36274E+01 0.098493 0.136944 0.136944 0.0104954
64.0 22.00000 -3.44000 0.36420E+01 0.0942301 0.131255 0.131255 0.0110664
64.0 22.00000 -3.44000 0.36565E+01 0.0898144 0.125472 0.125472 0.0116304
64.0 22.00000 -3.44000 0.36707E+01 0.0857882 0.120228 0.120228 0.0124903
64.0 22.00000 -3.44000 0.36848E+01 0.0850478 0.119431 0.119431 0.0131115
64.0 22.00000 -3.44000 0.36986E+01 0.0784645 0.110535 0.110535 0.0141883
64.0 22.00000 -3.44000 0.37123E+01 0.0744745 0.105019 0.105019 0.0151571
64.0 22.00000 -3.44000 0.37258E+01 0.0719449 0.101574 0.101574 0.0163763
64.0 22.00000 -3.44000 0.37392E+01 0.0671564 0.0948937 0.0948937 0.0177199
64.0 22.00000 -4.02000 0.36696E+01 0.0829171 0.116167 0.116167 0.00526576
64.0 22.00000 -4.02000 0.36993E+01 0.0781117 0.110046 0.110046 0.00518124
64.0 22.00000 -4.02000 0.37281E+01 0.07122 0.100583 0.100583 0.00517867
64.0 22.00000 -4.02000 0.37562E+01 0.0643266 0.0911152 0.0911152 0.00526326
64.0 22.00000 -4.02000 0.37834E+01 0.0590935 0.0839803 0.0839803 0.00537279
64.0 22.00000 -4.02000 0.38100E+01 0.0536897 0.0766502 0.0766502 0.00552504
64.0 22.00000 -4.02000 0.38358E+01 0.0483019 0.069554 0.069554 0.00575759
64.0 22.00000 -4.02000 0.38610E+01 0.0448351 0.0655196 0.0655196 0.00608238
64.0 22.00000 -4.02000 0.38856E+01 0.0408162 0.0603313 0.0603313 0.00643245
64.0 22.00000 -4.02000 0.39095E+01 0.0373722 0.0557099 0.0557099 0.00681815
64.0 22.00000 -4.02000 0.39328E+01 0.0329145 0.0492109 0.0492109 0.00731734
64.0 22.00000 -4.02000 0.39555E+01 0.0301132 0.0455239 0.0455239 0.00775911
64.0 22.00000 -4.02000 0.39777E+01 0.0273175 0.041806 0.041806 0.00819782
64.0 22.00000 -4.02000 0.39993E+01 0.024813 0.038448 0.038448 0.00871444
64.0 22.00000 -4.02000 0.40204E+01 0.022339 0.0350721 0.0350721 0.00927092
64.0 22.00000 -4.02000 0.40410E+01 0.0201176 0.0319681 0.0319681 0.00985519
64.0 22.00000 -4.02000 0.40612E+01 0.0183344 0.0294937 0.0294937 0.0105013
64.0 22.00000 -4.02000 0.40808E+01 0.0160364 0.026088 0.026088 0.0113147
64.0 22.00000 -4.02000 0.41001E+01 0.0146939 0.0241517 0.0241517 0.0119354
64.0 22.00000 -4.02000 0.41189E+01 0.0133208 0.022106 0.022106 0.0126848
64.0 22.00000 -4.02000 0.41372E+01 0.0115402 0.019325 0.019325 0.0137607
64.0 22.00000 -4.02000 0.41552E+01 0.0104473 0.0176334 0.0176334 0.0146789
64.0 22.00000 -4.02000 0.41728E+01 0.00915185 0.0155623 0.0155623 0.0157501
64.0 22.00000 -4.02000 0.41900E+01 0.00808339 0.0138385 0.0138385 0.0170131
64.0 22.00000 -4.02000 0.42068E+01 0.00695784 0.0119813 0.0119813 0.0185592
64.0 22.00000 -4.02000 0.42233E+01 0.00630854 0.010922 0.010922 0.0197641
64.0 22.00000 -4.02000 0.42394E+01 0.00515007 0.00895852 0.00895852 0.0224732
64.0 22.00000 -4.02000 0.42552E+01 0.00484896 0.00845399 0.00845399 0.0242826
64.0 22.00000 -4.02000 0.42707E+01 0.0040171 0.00703838 0.00703838 0.0279507
64.0 22.00000 -4.02000 0.42858E+01 0.00357159 0.00628667 0.00628667 0.0308161
64.0 22.00000 -4.02000 0.43007E+01 0.00312425 0.00552186 0.00552186 0.034523
64.0 22.00000 -4.02000 0.43152E+01 0.0028514 0.00505691 0.00505691 0.0385189
64.0 22.00000 -4.02000 0.43295E+01 0.00237829 0.00423064 0.00423064 0.0446329
64.0 22.00000 -4.02000 0.43435E+01 0.00200566 0.00357784 0.00357784 0.0513677
64.0 22.00000 -4.02000 0.43572E+01 0.00196113 0.00350615 0.00350615 0.0559007
64.0 22.00000 -4.02000 0.43707E+01 0.00178819 0.00320194 0.00320194 0.0625002
64.0 22.00000 -4.65300 0.42550E+01 0.00462979 0.00807139 0.00807139 0.00613051
64.0 22.00000 -4.65300 0.43028E+01 0.00298176 0.00527272 0.00527272 0.00703683
64.0 22.00000 -4.65300 0.43477E+01 0.00194491 0.00347219 0.00347219 0.00840458
64.0 22.00000 -4.65300 0.43899E+01 0.00130482 0.00234256 0.00234256 0.0102848
64.0 22.00000 -4.65300 0.44297E+01 0.000866567 0.00156422 0.00156422 0.0129292
64.0 22.00000 -4.65300 0.44672E+01 0.000628876 0.00114154 0.00114154 0.0155493
64.0 22.00000 -4.65300 0.45027E+01 0.000431015 0.00078723 0.00078723 0.019277
64.0 22.00000 -4.65300 0.45363E+01 0.000301396 0.000554332 0.000554332 0.0237026
64.0 22.00000 -4.65300 0.45682E+01 0.000213864 0.000396373 0.000396373 0.0287595
64.0 22.00000 -4.65300 0.45984E+01 0.000158281 0.000295674 0.000295674 0.0340994
64.0 22.00000 -4.65300 0.46272E+01 0.000124869 0.000235088 0.000235088 0.0393744
64.0 22.00000 -4.65300 0.46546E+01 8.16756e-05 0.000154909 0.000154909 0.0496282
64.0 22.00000 -4.65300 0.46807E+01 6.38146e-05 0.000121885 0.000121885 0.0573567
64.0 22.00000 -4.65300 0.47056E+01 4.14312e-05 7.96572e-05 7.96572e-05 0.072739
64.0 22.00000 -4.65300 0.47293E+01 3.46936e-05 6.71861e-05 6.71861e-05 0.0808422
64.0 22.00000 -4.65300 0.47521E+01 2.53985e-05 4.95499e-05 4.95499e-05 0.096224
64.0 22.00000 -4.65300 0.47738E+01 2.13719e-05 4.19978e-05 4.19978e-05 0.107211
64.0 22.00000 -4.65300 0.47947E+01 1.5375e-05 3.04317e-05 3.04317e-05 0.129099
64.0 22.00000 -4.65300 0.48147E+01 1.12176e-05 2.23556e-05 2.23556e-05 0.154303
64.0 22.00000 -4.65300 0.48339E+01 9.15456e-06 1.83653e-05 1.83653e-05 0.174075
64.0 22.00000 -4.65300 0.48523E+01 8.03418e-06 1.62223e-05 1.62223e-05 0.188981
64.0 22.00000 -4.65300 0.48700E+01 5.31823e-06 1.0803e-05 1.0803e-05 0.235698
64.0 22.00000 -4.65300 0.48870E+01 3.41276e-06 6.97408e-06 6.97408e-06 0.301513
64.0 22.00000 -4.65300 0.49034E+01 2.24448e-06 4.61299e-06 4.61299e-06 0.377972
64.0 22.00000 -4.65300 0.49192E+01 1.3299e-06 2.74876e-06 2.74876e-06 0.5
64.0 22.00000 -4.65300 0.49345E+01 6.78074e-07 1.40912e-06 1.40912e-06 0.707099
64.0 22.00000 -4.65300 0.49492E+01 1.74398e-06 3.64274e-06 3.64274e-06 0.447216
64.0 22.00000 -4.65300 0.49633E+01 7.34307e-07 1.54121e-06 1.54121e-06 0.707099
64.0 22.00000 -4.65300 0.49770E+01 3.80364e-07 8.02301e-07 8.02301e-07 1
64.0 22.00000 -4.65300 0.50031E+01 1.04308e-06 2.22035e-06 2.22035e-06 0.707099
64.0 22.00000 -4.65300 0.50155E+01 6.16019e-07 1.31697e-06 1.31697e-06 1
64.0 22.00000 -4.65300 0.50391E+01 9.21589e-07 1.98695e-06 1.98695e-06 1
64.0 22.00000 -4.65300 0.50612E+01 1.53512e-06 3.33603e-06 3.33603e-06 1
64.0 26.00000 -3.17000 0.28916E+01 0.0899663 0.114613 0.114613 0.00725043
64.0 26.00000 -3.17000 0.29110E+01 0.0850556 0.109147 0.109147 0.00711726
64.0 26.00000 -3.17000 0.29302E+01 0.0792738 0.102287 0.102287 0.00704491
64.0 26.00000 -3.17000 0.29492E+01 0.0766221 0.0992887 0.0992887 0.00691719
64.0 26.00000 -3.17000 0.29679E+01 0.0736413 0.0959582 0.0959582 0.00683091
64.0 26.00000 -3.17000 0.29863E+01 0.0700164 0.0917323 0.0917323 0.00682383
64.0 26.00000 -3.17000 0.30045E+01 0.0675094 0.0889835 0.0889835 0.00679501
64.0 26.00000 -3.17000 0.30225E+01 0.0631969 0.0836648 0.0836648 0.00688244
64.0 26.00000 -3.17000 0.30403E+01 0.0603934 0.0803611 0.0803611 0.00696027
64.0 26.00000 -3.17000 0.30578E+01 0.0568186 0.0758385 0.0758385 0.00719753
64.0 26.00000 -3.17000 0.30751E+01 0.0545526 0.073031 0.073031 0.00737258
64.0 26.00000 -3.17000 0.30921E+01 0.0515065 0.0694492 0.0694492 0.00769359
64.0 26.00000 -3.17000 0.31090E+01 0.0479263 0.0654518 0.0654518 0.00796852
64.0 26.00000 -3.17000 0.31256E+01 0.0458857 0.0624892 0.0624892 0.00817908
64.0 26.00000 -3.17000 0.31421E+01 0.0436426 0.0596451 0.0596451 0.00842615
64.0 26.00000 -3.17000 0.31583E+01 0.0410656 0.0563572 0.0563572 0.00875886
64.0 26.00000 -3.17000 0.31743E+01 0.0389033 0.0536192 0.0536192 0.00906492
64.0 26.00000 -3.17000 0.31901E+01 0.036067 0.0498693 0.0498693 0.00945201
64.0 26.00000 -3.17000 0.32058E+01 0.0346938 0.0481439 0.0481439 0.00967249
64.0 26.00000 -3.17000 0.32212E+01 0.0326318 0.0454478 0.0454478 0.0100456
64.0 26.00000 -3.17000 0.32365E+01 0.0308564 0.0431294 0.0431294 0.0104123
64.0 26.00000 -3.17000 0.32516E+01 0.0287849 0.0403857 0.0403857 0.0107445
64.0 26.00000 -3.17000 0.32665E+01 0.027457 0.0385689 0.0385689 0.0111183
64.0 26.00000 -3.17000 0.32812E+01 0.0258689 0.0363897 0.0363897 0.0115202
64.0 26.00000 -3.17000 0.32958E+01 0.0242939 0.0342384 0.0342384 0.0121184
64.0 26.00000 -3.17000 0.33102E+01 0.0229211 0.0323596 0.0323596 0.0128479
64.0 26.00000 -3.17000 0.33244E+01 0.0225524 0.0319275 0.0319275 0.0133366
64.0 26.00000 -3.17000 0.33385E+01 0.0204532 0.0289803 0.0289803 0.0143973
64.0 26.00000 -3.17000 0.33524E+01 0.0194834 0.0276789 0.0276789 0.0152111
64.0 26.00000 -3.17000 0.33661E+01 0.0180491 0.0257424 0.0257424 0.0163644
64.0 26.00000 -3.17000 0.33797E+01 0.0182312 0.0260813 0.0260813 0.0169346
64.0 26.00000 -3.17000 0.33931E+01 0.0165267 0.0237402 0.0237402 0.0184221
64.0 26.00000 -3.17000 0.34064E+01 0.0157502 0.022752 0.022752 0.0197826
64.0 26.00000 -3.17000 0.34195E+01 0.0145255 0.0211785 0.0211785 0.021578
64.0 26.00000 -3.17000 0.34325E+01 0.0143242 0.0210243 0.0210243 0.023031
64.0 26.00000 -3.17000 0.34454E+01 0.0130852 0.0193066 0.0193066 0.0251747
64.0 26.00000 -3.70000 0.33763E+01 0.0171134 0.0244564 0.0244564 0.00610949
64.0 26.00000 -3.70000 0.34013E+01 0.0159922 0.0230374 0.0230374 0.00599887
64.0 26.00000 -3.70000 0.34258E+01 0.0145131 0.0212319 0.0212319 0.00600647
64.0 26.00000 -3.70000 0.34498E+01 0.0128268 0.0189481 0.0189481 0.00614538
64.0 26.00000 -3.70000 0.34733E+01 0.0116091 0.0172508 0.0172508 0.00626597
64.0 26.00000 -3.70000 0.34963E+01 0.010434 0.0155032 0.0155032 0.00645817
64.0 26.00000 -3.70000 0.35189E+01 0.00941908 0.0140912 0.0140912 0.00672821
64.0 26.00000 -3.70000 0.35411E+01 0.00840648 0.0126944 0.0126944 0.00710231
64.0 26.00000 -3.70000 0.35628E+01 0.00773834 0.0117974 0.0117974 0.0075524
64.0 26.00000 -3.70000 0.35841E+01 0.00683633 0.0105322 0.0105322 0.00804557
64.0 26.00000 -3.70000 0.36049E+01 0.0061215 0.00952896 0.00952896 0.00861004
64.0 26.00000 -3.70000 0.36254E+01 0.00546329 0.00859466 0.00859466 0.00911664
64.0 26.00000 -3.70000 0.36455E+01 0.0049034 0.00778613 0.00778613 0.00976081
64.0 26.00000 -3.70000 0.36653E+01 0.00433808 0.00695538 0.00695538 0.0104596
64.0 26.00000 -3.70000 0.36846E+01 0.00374273 0.00605487 0.00605487 0.011314
64.0 26.00000 -3.70000 0.37036E+01 0.003439 0.00560898 0.00560898 0.0118991
64.0 26.00000 -3.70000 0.37223E+01 0.00297859 0.004893 0.004893 0.0129244
64.0 26.00000 -3.70000 0.37406E+01 0.00267006 0.00442024 0.00442024 0.0138016
64.0 26.00000 -3.70000 0.37586E+01 0.00233295 0.00388744 0.00388744 0.0148381
64.0 26.00000 -3.70000 0.37763E+01 0.00204308 0.00342361 0.00342361 0.0159965
64.0 26.00000 -3.70000 0.37937E+01 0.00180407 0.00304054 0.00304054 0.0171776
64.0 26.00000 -3.70000 0.38108E+01 0.00155915 0.00263964 0.00263964 0.018644
64.0 26.00000 -3.70000 0.38276E+01 0.00135945 0.00231091 0.00231091 0.0200603
64.0 26.00000 -3.70000 0.38440E+01 0.00116126 0.00198156 0.00198156 0.0219421
64.0 26.00000 -3.70000 0.38603E+01 0.000974736 0.00166239 0.00166239 0.0243447
64.0 26.00000 -3.70000 0.38762E+01 0.000916511 0.00156921 0.00156921 0.0252697
64.0 26.00000 -3.70000 0.38919E+01 0.000740003 0.00127267 0.00127267 0.0287724
64.0 26.00000 -3.70000 0.39073E+01 0.000660425 0.00113953 0.00113953 0.0314803
64.0 26.00000 -3.70000 0.39225E+01 0.000605847 0.00104842 0.00104842 0.0343414
64.0 26.00000 -3.70000 0.39374E+01 0.000564205 0.000979487 0.000979487 0.0373972
64.0 26.00000 -3.70000 0.39521E+01 0.000422326 0.000735072 0.000735072 0.0451721
64.0 26.00000 -3.70000 0.39666E+01 0.000397181 0.000692506 0.000692506 0.048795
64.0 26.00000 -3.70000 0.39808E+01 0.000333519 0.000582753 0.000582753 0.0564322
64.0 26.00000 -3.70000 0.39948E+01 0.000292772 0.000512302 0.000512302 0.0638891
64.0 26.00000 -3.70000 0.40086E+01 0.000268098 0.000469763 0.000469763 0.0710678
64.0 26.00000 -3.70000 0.40222E+01 0.000247196 0.000433926 0.000433926 0.079554
64.0 26.00000 -4.32000 0.39457E+01 0.000463609 0.000806086 0.000806086 0.0185314
64.0 26.00000 -4.32000 0.39815E+01 0.000319804 0.000558823 0.000558823 0.0205677
64.0 26.00000 -4.32000 0.40160E+01 0.000234334 0.000410961 0.000410961 0.0229655
64.0 26.00000 -4.32000 0.40492E+01 0.000176115 0.000310253 0.000310253 0.0258457
64.0 26.00000 -4.32000 0.40812E+01 0.000129291 0.000228851 0.000228851 0.0300284
64.0 26.00000 -4.32000 0.41120E+01 9.40446e-05 0.000167337 0.000167337 0.0375952
64.0 26.00000 -4.32000 0.41417E+01 7.18166e-05 0.000128559 0.000128559 0.0418487
64.0 26.00000 -4.32000 0.41703E+01 5.35239e-05 9.64432e-05 9.64432e-05 0.0530987
64.0 26.00000 -4.32000 0.41980E+01 3.83702e-05 6.95853e-05 6.95853e-05 0.0588212
64.0 26.00000 -4.32000 0.42247E+01 2.88455e-05 5.26664e-05 5.26664e-05 0.0693376
64.0 26.00000 -4.32000 0.42505E+01 2.41088e-05 4.43271e-05 4.43271e-05 0.0906352
64.0 26.00000 -4.32000 0.42754E+01 1.56175e-05 2.8912e-05 2.8912e-05 0.0962252
64.0 26.00000 -4.32000 0.42996E+01 1.58921e-05 2.96154e-05 2.96154e-05 0.0971288
64.0 26.00000 -4.32000 0.43230E+01 8.4635e-06 1.58738e-05 1.58738e-05 0.134839
64.0 26.00000 -4.32000 0.43456E+01 8.64738e-06 1.63217e-05 1.63217e-05 0.134839
64.0 26.00000 -4.32000 0.43676E+01 4.70446e-06 8.93086e-06 8.93086e-06 0.185696
64.0 26.00000 -4.32000 0.43888E+01 5.00862e-06 9.56331e-06 9.56331e-06 0.182581
64.0 26.00000 -4.32000 0.44095E+01 3.78938e-06 7.27381e-06 7.27381e-06 0.213204
64.0 26.00000 -4.32000 0.44295E+01 2.81963e-06 5.44616e-06 5.44616e-06 0.249997
64.0 26.00000 -4.32000 0.44490E+01 2.01114e-06 3.90946e-06 3.90946e-06 0.301516
64.0 26.00000 -4.32000 0.44679E+01 9.32479e-07 1.8233e-06 1.8233e-06 0.447217
64.0 26.00000 -4.32000 0.44862E+01 2.33422e-06 4.59081e-06 4.59081e-06 0.288677
64.0 26.00000 -4.32000 0.45041E+01 5.85181e-07 1.15742e-06 1.15742e-06 0.577358
64.0 26.00000 -4.32000 0.45214E+01 4.04138e-07 8.0396e-07 8.0396e-07 0.707106
64.0 26.00000 -4.32000 0.45383E+01 2.09267e-07 4.18566e-07 4.18566e-07 1
64.0 26.00000 -4.32000 0.45547E+01 6.37991e-07 1.28275e-06 1.28275e-06 0.577358
64.0 26.00000 -4.32000 0.45707E+01 2.16929e-07 4.38382e-07 4.38382e-07 1
64.0 26.00000 -4.32000 0.45863E+01 6.72125e-07 1.36548e-06 1.36548e-06 0.577358
64.0 26.00000 -4.32000 0.46015E+01 2.38044e-07 4.85976e-07 4.85976e-07 1
64.0 26.00000 -4.32000 0.46163E+01 5.41308e-07 1.11029e-06 1.11029e-06 0.707106
64.0 26.00000 -4.32000 0.46448E+01 3.49114e-07 7.22812e-07 7.22812e-07 1
64.0 26.00000 -4.32000 0.46977E+01 7.49838e-07 1.57818e-06 1.57818e-06 1
64.0 32.00000 -2.67000 0.24350E+01 0.0245863 0.0315699 0.0315699 0.0142293
64.0 32.00000 -2.67000 0.24504E+01 0.0237436 0.0306721 0.0306721 0.0138789
64.0 32.00000 -2.67000 0.24657E+01 0.0223641 0.0290492 0.0290492 0.0135441
64.0 32.00000 -2.67000 0.24808E+01 0.0214951 0.028003 0.028003 0.0133884
64.0 32.00000 -2.67000 0.24959E+01 0.0200466 0.026248 0.026248 0.0133215
64.0 32.00000 -2.67000 0.25107E+01 0.019133 0.0251881 0.0251881 0.013265
64.0 32.00000 -2.67000 0.25255E+01 0.0183336 0.024266 0.024266 0.0131827
64.0 32.00000 -2.67000 0.25401E+01 0.0168277 0.0223701 0.0223701 0.0134526
64.0 32.00000 -2.67000 0.25546E+01 0.0163696 0.0218085 0.0218085 0.0135316
64.0 32.00000 -2.67000 0.25689E+01 0.0156675 0.0209124 0.0209124 0.0139124
64.0 32.00000 -2.67000 0.25831E+01 0.0144655 0.0194025 0.0194025 0.0144808
64.0 32.00000 -2.67000 0.25972E+01 0.0132693 0.0179626 0.0179626 0.0150746
64.0 32.00000 -2.67000 0.26112E+01 0.0129458 0.0175903 0.0175903 0.0153822
64.0 32.00000 -2.67000 0.26250E+01 0.0123095 0.016797 0.016797 0.0158105
64.0 32.00000 -2.67000 0.26387E+01 0.0115986 0.0158822 0.0158822 0.0162783
64.0 32.00000 -2.67000 0.26524E+01 0.0106772 0.014694 0.014694 0.0171769
64.0 32.00000 -2.67000 0.26658E+01 0.00967376 0.0133802 0.0133802 0.0180196
64.0 32.00000 -2.67000 0.26792E+01 0.00980258 0.0135865 0.0135865 0.0179321
64.0 32.00000 -2.67000 0.26925E+01 0.00906756 0.0125855 0.0125855 0.0188304
64.0 32.00000 -2.67000 0.27056E+01 0.00855099 0.0118938 0.0118938 0.0193683
64.0 32.00000 -2.67000 0.27186E+01 0.00767802 0.0107118 0.0107118 0.0206455
64.0 32.00000 -2.67000 0.27316E+01 0.00770664 0.0107795 0.0107795 0.020555
64.0 32.00000 -2.67000 0.27444E+01 0.0071276 0.00999298 0.00999298 0.0215136
64.0 32.00000 -2.67000 0.27571E+01 0.00679114 0.00953745 0.00953745 0.0221486
64.0 32.00000 -2.67000 0.27697E+01 0.00628252 0.00884351 0.00884351 0.0231454
64.0 32.00000 -2.67000 0.27822E+01 0.00583535 0.00824059 0.00824059 0.0247681
64.0 32.00000 -2.67000 0.27946E+01 0.00563371 0.00799282 0.00799282 0.0258022
64.0 32.00000 -2.67000 0.28068E+01 0.0051438 0.0073217 0.0073217 0.0276526
64.0 32.00000 -2.67000 0.28190E+01 0.00482983 0.00690856 0.00690856 0.0295043
64.0 32.00000 -2.67000 0.28311E+01 0.00454076 0.00654477 0.00654477 0.0311211
64.0 32.00000 -2.67000 0.28431E+01 0.00437429 0.00635357 0.00635357 0.0331597
64.0 32.00000 -2.67000 0.28550E+01 0.00409235 0.00598584 0.00598584 0.0355724
64.0 32.00000 -2.67000 0.28668E+01 0.00392971 0.00577611 0.00577611 0.0377094
64.0 32.00000 -2.67000 0.28785E+01 0.00361423 0.00533289 0.00533289 0.0416145
64.0 32.00000 -2.67000 0.28901E+01 0.00354355 0.00524666 0.00524666 0.0440991
64.0 32.00000 -2.67000 0.29016E+01 0.00321107 0.00474467 0.00474467 0.0486789
64.0 32.00000 -3.13000 0.28550E+01 0.00407318 0.0059578 0.0059578 0.0106322
64.0 32.00000 -3.13000 0.28741E+01 0.00367295 0.00541156 0.00541156 0.0105379
64.0 32.00000 -3.13000 0.28930E+01 0.00337252 0.00499662 0.00499662 0.0105163
64.0 32.00000 -3.13000 0.29116E+01 0.00298308 0.00439885 0.00439885 0.0107439
64.0 32.00000 -3.13000 0.29300E+01 0.00267103 0.00395342 0.00395342 0.0109166
64.0 32.00000 -3.13000 0.29481E+01 0.00248349 0.00369211 0.00369211 0.0110481
64.0 32.00000 -3.13000 0.29661E+01 0.00220978 0.00330695 0.00330695 0.0113972
64.0 32.00000 -3.13000 0.29837E+01 0.00199965 0.00301257 0.00301257 0.0119678
64.0 32.00000 -3.13000 0.30012E+01 0.00186392 0.00282453 0.00282453 0.0123864
64.0 32.00000 -3.13000 0.30184E+01 0.00166663 0.00254428 0.00254428 0.0131294
64.0 32.00000 -3.13000 0.30355E+01 0.00150252 0.00231118 0.00231118 0.0140077
64.0 32.00000 -3.13000 0.30523E+01 0.00133221 0.00206161 0.00206161 0.0150449
64.0 32.00000 -3.13000 0.30689E+01 0.00119959 0.00187013 0.00187013 0.0159874
64.0 32.00000 -3.13000 0.30853E+01 0.00108631 0.00170524 0.00170524 0.0166877
64.0 32.00000 -3.13000 0.31015E+01 0.000944202 0.00149206 0.00149206 0.0179724
64.0 32.00000 -3.13000 0.31176E+01 0.000865273 0.0013753 0.0013753 0.0188588
64.0 32.00000 -3.13000 0.31334E+01 0.00078353 0.00125205 0.00125205 0.0201474
64.0 32.00000 -3.13000 0.31490E+01 0.000703422 0.00113219 0.00113219 0.0211492
64.0 32.00000 -3.13000 0.31645E+01 0.000612135 0.000990422 0.000990422 0.0227745
64.0 32.00000 -3.13000 0.31798E+01 0.000538571 0.000874391 0.000874391 0.0245661
64.0 32.00000 -3.13000 0.31949E+01 0.000504827 0.000825013 0.000825013 0.0255557
64.0 32.00000 -3.13000 0.32098E+01 0.000432805 0.000710605 0.000710605 0.0274506
64.0 32.00000 -3.13000 0.32245E+01 0.000388284 0.000638885 0.000638885 0.0294068
64.0 32.00000 -3.13000 0.32391E+01 0.000335506 0.000554665 0.000554665 0.0314344
64.0 32.00000 -3.13000 0.32535E+01 0.000270556 0.000449014 0.000449014 0.0358638
64.0 32.00000 -3.13000 0.32678E+01 0.000282981 0.000470447 0.000470447 0.0350283
64.0 32.00000 -3.13000 0.32819E+01 0.000235377 0.000392103 0.000392103 0.0399054
64.0 32.00000 -3.13000 0.32958E+01 0.000201877 0.00033671 0.00033671 0.0433141
64.0 32.00000 -3.13000 0.33096E+01 0.000177672 0.000295329 0.000295329 0.0494014
64.0 32.00000 -3.13000 0.33232E+01 0.000175482 0.000292631 0.000292631 0.0503793
64.0 32.00000 -3.13000 0.33367E+01 0.000155064 0.000259098 0.000259098 0.0574093
64.0 32.00000 -3.13000 0.33500E+01 0.000129303 0.000216687 0.000216687 0.0634977
64.0 32.00000 -3.13000 0.33632E+01 0.00012668 0.000213125 0.000213125 0.0728324
64.0 32.00000 -3.13000 0.33762E+01 9.01447e-05 0.000151908 0.000151908 0.0848164
64.0 32.00000 -3.13000 0.33891E+01 9.47848e-05 0.000159878 0.000159878 0.0873684
64.0 32.00000 -3.13000 0.34019E+01 8.36165e-05 0.000141481 0.000141481 0.1
64.0 32.00000 -3.65000 0.33305E+01 0.000157006 0.000262123 0.000262123 0.036887
64.0 32.00000 -3.65000 0.33549E+01 0.000124174 0.00020833 0.00020833 0.0386352
64.0 32.00000 -3.65000 0.33788E+01 9.25402e-05 0.000155966 0.000155966 0.0425241
64.0 32.00000 -3.65000 0.34023E+01 7.19671e-05 0.000121789 0.000121789 0.0463737
64.0 32.00000 -3.65000 0.34253E+01 6.06235e-05 0.000102916 0.000102916 0.0489127
64.0 32.00000 -3.65000 0.34478E+01 5.24353e-05 8.9235e-05 8.9235e-05 0.0519879
64.0 32.00000 -3.65000 0.34700E+01 3.94674e-05 6.73666e-05 6.73666e-05 0.0603009
64.0 32.00000 -3.65000 0.34917E+01 3.38015e-05 5.78082e-05 5.78082e-05 0.0659389
64.0 32.00000 -3.65000 0.35130E+01 2.58834e-05 4.44493e-05 4.44493e-05 0.0753778
64.0 32.00000 -3.65000 0.35339E+01 2.39599e-05 4.12296e-05 4.12296e-05 0.0790563
64.0 32.00000 -3.65000 0.35544E+01 2.05292e-05 3.5511e-05 3.5511e-05 0.0863868
64.0 32.00000 -3.65000 0.35745E+01 1.51501e-05 2.62632e-05 2.62632e-05 0.101534
64.0 32.00000 -3.65000 0.35943E+01 1.67126e-05 2.91225e-05 2.91225e-05 0.09759
64.0 32.00000 -3.65000 0.36138E+01 1.20349e-05 2.10484e-05 2.10484e-05 0.115471
64.0 32.00000 -3.65000 0.36328E+01 8.59134e-06 1.50889e-05 1.50889e-05 0.137364
64.0 32.00000 -3.65000 0.36516E+01 6.71594e-06 1.186e-05 1.186e-05 0.15618
64.0 32.00000 -3.65000 0.36700E+01 5.85949e-06 1.03831e-05 1.03831e-05 0.169033
64.0 32.00000 -3.65000 0.36881E+01 5.25289e-06 9.3622e-06 9.3622e-06 0.179604
64.0 32.00000 -3.65000 0.37059E+01 3.47988e-06 6.22546e-06 6.22546e-06 0.223601
64.0 32.00000 -3.65000 0.37234E+01 2.61489e-06 4.70176e-06 4.70176e-06 0.258198
64.0 32.00000 -3.65000 0.37406E+01 2.87808e-06 5.20084e-06 5.20084e-06 0.25
64.0 32.00000 -3.65000 0.37575E+01 2.19516e-06 3.98034e-06 3.98034e-06 0.288669
64.0 32.00000 -3.65000 0.37741E+01 1.29082e-06 2.35554e-06 2.35554e-06 0.37797
64.0 32.00000 -3.65000 0.37905E+01 1.69554e-06 3.10361e-06 3.10361e-06 0.333326
64.0 32.00000 -3.65000 0.38066E+01 1.33065e-06 2.44767e-06 2.44767e-06 0.37797
64.0 32.00000 -3.65000 0.38224E+01 1.7424e-06 3.2202e-06 3.2202e-06 0.333326
64.0 32.00000 -3.65000 0.38380E+01 1.38633e-06 2.57022e-06 2.57022e-06 0.37797
64.0 32.00000 -3.65000 0.38533E+01 1.63994e-06 3.05716e-06 3.05716e-06 0.35355
64.0 32.00000 -3.65000 0.38684E+01 2.18976e-07 4.09615e-07 4.09615e-07 1
64.0 32.00000 -3.65000 0.38979E+01 5.33315e-07 1.00596e-06 1.00596e-06 0.707099
64.0 32.00000 -3.65000 0.39265E+01 6.77498e-07 1.28702e-06 1.28702e-06 0.707099
64.0 32.00000 -3.65000 0.39404E+01 3.79847e-07 7.24244e-07 7.24244e-07 1
64.0 32.00000 -3.65000 0.39677E+01 5.31293e-07 1.02117e-06 1.02117e-06 1
64.0 40.00000 -1.14000 0.10393E+01 0.124377 0.0976597 0.0976597 0.0141065
64.0 40.00000 -1.14000 0.10452E+01 0.121696 0.0960526 0.0960526 0.0134886
64.0 40.00000 -1.14000 0.10512E+01 0.12483 0.0990452 0.0990452 0.0129123
64.0 40.00000 -1.14000 0.10571E+01 0.124255 0.0990895 0.0990895 0.0123583
64.0 40.00000 -1.14000 0.10630E+01 0.121997 0.0977739 0.0977739 0.0120648
64.0 40.00000 -1.14000 0.10688E+01 0.120393 0.0969805 0.0969805 0.0117259
64.0 40.00000 -1.14000 0.10747E+01 0.119645 0.0968521 0.0968521 0.0114622
64.0 40.00000 -1.14000 0.10806E+01 0.114846 0.0934185 0.0934185 0.0113738
64.0 40.00000 -1.14000 0.10864E+01 0.115298 0.094245 0.094245 0.011064
64.0 40.00000 -1.14000 0.10922E+01 0.112111 0.0920765 0.0920765 0.0110291
64.0 40.00000 -1.14000 0.10980E+01 0.110725 0.0913766 0.0913766 0.011061
64.0 40.00000 -1.14000 0.11038E+01 0.108299 0.0897925 0.0897925 0.0110062
64.0 40.00000 -1.14000 0.11096E+01 0.105936 0.0882494 0.0882494 0.0110703
64.0 40.00000 -1.14000 0.11153E+01 0.107573 0.0900257 0.0900257 0.0109824
64.0 40.00000 -1.14000 0.11211E+01 0.105354 0.0885724 0.0885724 0.0110924
64.0 40.00000 -1.14000 0.11268E+01 0.102899 0.0868953 0.0868953 0.0112302
64.0 40.00000 -1.14000 0.11325E+01 0.100861 0.0855487 0.0855487 0.0113906
64.0 40.00000 -1.14000 0.11383E+01 0.100826 0.0859075 0.0859075 0.0113589
64.0 40.00000 -1.14000 0.11439E+01 0.098535 0.0843207 0.0843207 0.0114347
64.0 40.00000 -1.14000 0.11496E+01 0.0968143 0.0832033 0.0832033 0.0114917
64.0 40.00000 -1.14000 0.11553E+01 0.0956413 0.082546 0.082546 0.0115512
64.0 40.00000 -1.14000 0.11609E+01 0.0938725 0.0813708 0.0813708 0.0115675
64.0 40.00000 -1.14000 0.11666E+01 0.0925522 0.080562 0.080562 0.0117959
64.0 40.00000 -1.14000 0.11722E+01 0.0939041 0.0820785 0.0820785 0.0118009
64.0 40.00000 -1.14000 0.11778E+01 0.090784 0.0796848 0.0796848 0.0121365
64.0 40.00000 -1.14000 0.11834E+01 0.0901938 0.0794921 0.0794921 0.012405
64.0 40.00000 -1.14000 0.11890E+01 0.0879359 0.0778279 0.0778279 0.0127536
64.0 40.00000 -1.14000 0.11945E+01 0.0888897 0.0789865 0.0789865 0.0130899
64.0 40.00000 -1.14000 0.12001E+01 0.0885207 0.0789767 0.0789767 0.0132945
64.0 40.00000 -1.14000 0.12056E+01 0.0857698 0.0768196 0.0768196 0.0139101
64.0 40.00000 -1.14000 0.12112E+01 0.0831444 0.0747628 0.0747628 0.0144701
64.0 40.00000 -1.14000 0.12167E+01 0.0825761 0.074538 0.074538 0.0151149
64.0 40.00000 -1.14000 0.12222E+01 0.0838096 0.0759411 0.0759411 0.0155318
64.0 40.00000 -1.14000 0.12277E+01 0.077197 0.0702214 0.0702214 0.0167354
64.0 40.00000 -1.14000 0.12331E+01 0.079896 0.0729518 0.0729518 0.0171566
64.0 40.00000 -1.14000 0.12386E+01 0.077191 0.0707479 0.0707479 0.0179958
64.0 40.00000 -1.33000 0.12126E+01 0.0821915 0.073978 0.073978 0.0138335
64.0 40.00000 -1.33000 0.12195E+01 0.0802018 0.0725395 0.0725395 0.0134132
64.0 40.00000 -1.33000 0.12265E+01 0.0801124 0.0728162 0.0728162 0.0128228
64.0 40.00000 -1.33000 0.12335E+01 0.078275 0.0714876 0.0714876 0.0124456
64.0 40.00000 -1.33000 0.12404E+01 0.0768717 0.0705422 0.0705422 0.0121031
64.0 40.00000 -1.33000 0.12473E+01 0.076071 0.0701362 0.0701362 0.0117872
64.0 40.00000 -1.33000 0.12542E+01 0.0742969 0.0688231 0.0688231 0.011556
64.0 40.00000 -1.33000 0.12610E+01 0.0721471 0.0671451 0.0671451 0.0114034
64.0 40.00000 -1.33000 0.12679E+01 0.0704163 0.0658344 0.0658344 0.0114193
64.0 40.00000 -1.33000 0.12747E+01 0.0722194 0.0678274 0.0678274 0.0110667
64.0 40.00000 -1.33000 0.12815E+01 0.0695286 0.0655939 0.0655939 0.0111068
64.0 40.00000 -1.33000 0.12883E+01 0.0678076 0.0642553 0.0642553 0.0111671
64.0 40.00000 -1.33000 0.12950E+01 0.0668919 0.0636641 0.0636641 0.0112301
64.0 40.00000 -1.33000 0.13018E+01 0.0650967 0.0622233 0.0622233 0.0114244
64.0 40.00000 -1.33000 0.13085E+01 0.0644908 0.0619155 0.0619155 0.0114938
64.0 40.00000 -1.33000 0.13152E+01 0.0617342 0.0595224 0.0595224 0.0116904
64.0 40.00000 -1.33000 0.13219E+01 0.0627515 0.0607636 0.0607636 0.0116478
64.0 40.00000 -1.33000 0.13285E+01 0.0609426 0.0592631 0.0592631 0.0117864
64.0 40.00000 -1.33000 0.13352E+01 0.0614383 0.0599913 0.0599913 0.0117401
64.0 40.00000 -1.33000 0.13418E+01 0.0580599 0.0569227 0.0569227 0.0120247
64.0 40.00000 -1.33000 0.13484E+01 0.0582249 0.0573145 0.0573145 0.0119839
64.0 40.00000 -1.33000 0.13550E+01 0.0568818 0.0562195 0.0562195 0.0121718
64.0 40.00000 -1.33000 0.13615E+01 0.0559658 0.0555383 0.0555383 0.0122543
64.0 40.00000 -1.33000 0.13681E+01 0.0557694 0.0555611 0.0555611 0.012421
64.0 40.00000 -1.33000 0.13746E+01 0.0542177 0.0542189 0.0542189 0.0127872
64.0 40.00000 -1.33000 0.13811E+01 0.0537488 0.0539561 0.0539561 0.0129915
64.0 40.00000 -1.33000 0.13876E+01 0.0516897 0.0520874 0.0520874 0.0134826
64.0 40.00000 -1.33000 0.13940E+01 0.0515466 0.0521363 0.0521363 0.0138964
64.0 40.00000 -1.33000 0.14005E+01 0.0507063 0.0514677 0.0514677 0.0142842
64.0 40.00000 -1.33000 0.14069E+01 0.0502732 0.0512215 0.0512215 0.0147938
64.0 40.00000 -1.33000 0.14133E+01 0.0482262 0.0493143 0.0493143 0.0155416
64.0 40.00000 -1.33000 0.14197E+01 0.048018 0.0492742 0.0492742 0.016188
64.0 40.00000 -1.33000 0.14261E+01 0.0452672 0.0466181 0.0466181 0.0173758
64.0 40.00000 -1.33000 0.14324E+01 0.0464067 0.0479624 0.0479624 0.017456
64.0 40.00000 -1.33000 0.14387E+01 0.043842 0.0454598 0.0454598 0.0188785
64.0 40.00000 -1.33000 0.14451E+01 0.0439567 0.0457317 0.0457317 0.0199074
64.0 40.00000 -1.56000 0.14223E+01 0.0456772 0.0469422 0.0469422 0.00968129
64.0 40.00000 -1.56000 0.14306E+01 0.0460199 0.0475109 0.0475109 0.00923284
64.0 40.00000 -1.56000 0.14389E+01 0.0446533 0.0463101 0.0463101 0.00892126
64.0 40.00000 -1.56000 0.14471E+01 0.0440302 0.0458578 0.0458578 0.00861921
64.0 40.00000 -1.56000 0.14553E+01 0.0429729 0.0449458 0.0449458 0.00843038
64.0 40.00000 -1.56000 0.14635E+01 0.041852 0.0439578 0.0439578 0.00824286
64.0 40.00000 -1.56000 0.14716E+01 0.0406986 0.0429259 0.0429259 0.00815331
64.0 40.00000 -1.56000 0.14797E+01 0.0402059 0.0425835 0.0425835 0.00797313
64.0 40.00000 -1.56000 0.14878E+01 0.0387405 0.0412064 0.0412064 0.00801269
64.0 40.00000 -1.56000 0.14959E+01 0.038333 0.0409422 0.0409422 0.00798588
64.0 40.00000 -1.56000 0.15039E+01 0.0369515 0.0396224 0.0396224 0.00804796
64.0 40.00000 -1.56000 0.15119E+01 0.0356867 0.0384129 0.0384129 0.00817848
64.0 40.00000 -1.56000 0.15198E+01 0.0356542 0.0385134 0.0385134 0.00823727
64.0 40.00000 -1.56000 0.15278E+01 0.0342747 0.0371572 0.0371572 0.00834783
64.0 40.00000 -1.56000 0.15357E+01 0.0336381 0.036609 0.036609 0.00843845
64.0 40.00000 -1.56000 0.15435E+01 0.0333364 0.0364144 0.0364144 0.00845317
64.0 40.00000 -1.56000 0.15514E+01 0.0315366 0.0345717 0.0345717 0.00870385
64.0 40.00000 -1.56000 0.15592E+01 0.0316371 0.0348224 0.0348224 0.0087301
64.0 40.00000 -1.56000 0.15670E+01 0.0297571 0.0328794 0.0328794 0.00895492
64.0 40.00000 -1.56000 0.15747E+01 0.0290183 0.032171 0.032171 0.00906712
64.0 40.00000 -1.56000 0.15824E+01 0.0293795 0.0326744 0.0326744 0.00902308
64.0 40.00000 -1.56000 0.15901E+01 0.0280158 0.031247 0.031247 0.00926288
64.0 40.00000 -1.56000 0.15978E+01 0.0276643 0.0309547 0.0309547 0.00933873
64.0 40.00000 -1.56000 0.16054E+01 0.0267818 0.0300725 0.0300725 0.00954742
64.0 40.00000 -1.56000 0.16131E+01 0.0259401 0.0292267 0.0292267 0.00975064
64.0 40.00000 -1.56000 0.16206E+01 0.0256557 0.0290102 0.0290102 0.0100058
64.0 40.00000 -1.56000 0.16282E+01 0.0247717 0.0281057 0.0281057 0.0103239
64.0 40.00000 -1.56000 0.16357E+01 0.0244888 0.0278735 0.0278735 0.0107567
64.0 40.00000 -1.56000 0.16432E+01 0.0235082 0.0268403 0.0268403 0.0112193
64.0 40.00000 -1.56000 0.16507E+01 0.0230715 0.026418 0.026418 0.0116408
64.0 40.00000 -1.56000 0.16582E+01 0.0224684 0.0258066 0.0258066 0.0121067
64.0 40.00000 -1.56000 0.16656E+01 0.0225372 0.0259603 0.0259603 0.0125648
64.0 40.00000 -1.56000 0.16730E+01 0.0211358 0.0244182 0.0244182 0.0134934
64.0 40.00000 -1.56000 0.16803E+01 0.0207115 0.0240031 0.0240031 0.0141698
64.0 40.00000 -1.56000 0.16877E+01 0.0195531 0.0227339 0.0227339 0.015247
64.0 40.00000 -1.56000 0.16950E+01 0.0195347 0.022786 0.022786 0.0161515
64.0 40.00000 -1.82000 0.16594E+01 0.0218499 0.0251075 0.0251075 0.0089533
64.0 40.00000 -1.82000 0.16693E+01 0.0214496 0.0247452 0.0247452 0.00859014
64.0 40.00000 -1.82000 0.16790E+01 0.0208044 0.0240979 0.0240979 0.00829724
64.0 40.00000 -1.82000 0.16888E+01 0.0202834 0.0235936 0.0235936 0.00805921
64.0 40.00000 -1.82000 0.16985E+01 0.0191678 0.0223942 0.0223942 0.00800808
64.0 40.00000 -1.82000 0.17081E+01 0.0184602 0.0216542 0.0216542 0.00787704
64.0 40.00000 -1.82000 0.17177E+01 0.0182491 0.0214825 0.0214825 0.00774955
64.0 40.00000 -1.82000 0.17273E+01 0.0171645 0.0202771 0.0202771 0.00775701
64.0 40.00000 -1.82000 0.17368E+01 0.0168712 0.0199949 0.0199949 0.00774693
64.0 40.00000 -1.82000 0.17462E+01 0.0162918 0.0193789 0.0193789 0.00778181
64.0 40.00000 -1.82000 0.17557E+01 0.0158851 0.018975 0.018975 0.00793599
64.0 40.00000 -1.82000 0.17650E+01 0.0150667 0.018082 0.018082 0.00806756
64.0 40.00000 -1.82000 0.17744E+01 0.014759 0.0177895 0.0177895 0.00820415
64.0 40.00000 -1.82000 0.17836E+01 0.0141211 0.0170719 0.0170719 0.00834496
64.0 40.00000 -1.82000 0.17929E+01 0.0134132 0.016257 0.016257 0.0085553
64.0 40.00000 -1.82000 0.18021E+01 0.0130834 0.0159024 0.0159024 0.00872167
64.0 40.00000 -1.82000 0.18113E+01 0.0125047 0.0152619 0.0152619 0.00892869
64.0 40.00000 -1.82000 0.18204E+01 0.0122465 0.015024 0.015024 0.00905319
64.0 40.00000 -1.82000 0.18294E+01 0.0113229 0.0139527 0.0139527 0.00933674
64.0 40.00000 -1.82000 0.18385E+01 0.0111888 0.0138388 0.0138388 0.00944933
64.0 40.00000 -1.82000 0.18475E+01 0.0106594 0.0132194 0.0132194 0.00974473
64.0 40.00000 -1.82000 0.18564E+01 0.0104174 0.0129512 0.0129512 0.00982465
64.0 40.00000 -1.82000 0.18653E+01 0.00997137 0.0124339 0.0124339 0.0100241
64.0 40.00000 -1.82000 0.18742E+01 0.00965425 0.0120821 0.0120821 0.0103071
64.0 40.00000 -1.82000 0.18830E+01 0.00922771 0.0115943 0.0115943 0.0106258
64.0 40.00000 -1.82000 0.18918E+01 0.00886605 0.0111835 0.0111835 0.0109199
64.0 40.00000 -1.82000 0.19006E+01 0.00854557 0.0108091 0.0108091 0.011324
64.0 40.00000 -1.82000 0.19093E+01 0.00826865 0.0104924 0.0104924 0.0118844
64.0 40.00000 -1.82000 0.19180E+01 0.00790034 0.0100672 0.0100672 0.0124783
64.0 40.00000 -1.82000 0.19266E+01 0.00763989 0.00977446 0.00977446 0.0129671
64.0 40.00000 -1.82000 0.19352E+01 0.00717269 0.00920851 0.00920851 0.0138034
64.0 40.00000 -1.82000 0.19437E+01 0.00718234 0.00925439 0.00925439 0.0145498
64.0 40.00000 -1.82000 0.19522E+01 0.00681566 0.00882204 0.00882204 0.0155301
64.0 40.00000 -1.82000 0.19607E+01 0.00633383 0.00823555 0.00823555 0.0166914
64.0 40.00000 -1.82000 0.19692E+01 0.00625854 0.00815753 0.00815753 0.0177218
64.0 40.00000 -1.82000 0.19776E+01 0.00590365 0.0077104 0.0077104 0.0192898
64.0 40.00000 -2.13000 0.19422E+01 0.00700686 0.00902144 0.00902144 0.00950977
64.0 40.00000 -2.13000 0.19540E+01 0.00667372 0.00864567 0.00864567 0.00936609
64.0 40.00000 -2.13000 0.19656E+01 0.00648029 0.00843832 0.00843832 0.00886677
64.0 40.00000 -2.13000 0.19772E+01 0.00612604 0.00799958 0.00799958 0.00879511
64.0 40.00000 -2.13000 0.19888E+01 0.00563644 0.00738781 0.00738781 0.00879367
64.0 40.00000 -2.13000 0.20002E+01 0.00544342 0.00717685 0.00717685 0.00862018
64.0 40.00000 -2.13000 0.20116E+01 0.00508243 0.00673182 0.00673182 0.00879298
64.0 40.00000 -2.13000 0.20230E+01 0.00484046 0.00642654 0.00642654 0.00875977
64.0 40.00000 -2.13000 0.20342E+01 0.00460027 0.00610828 0.00610828 0.00887874
64.0 40.00000 -2.13000 0.20454E+01 0.00430727 0.00573046 0.00573046 0.00931824
64.0 40.00000 -2.13000 0.20565E+01 0.00404325 0.00546821 0.00546821 0.00960285
64.0 40.00000 -2.13000 0.20676E+01 0.00383503 0.00520931 0.00520931 0.00989699
64.0 40.00000 -2.13000 0.20786E+01 0.00364713 0.00495547 0.00495547 0.0101621
64.0 40.00000 -2.13000 0.20895E+01 0.00338183 0.00460531 0.00460531 0.0106088
64.0 40.00000 -2.13000 0.21004E+01 0.00320017 0.00436747 0.00436747 0.0108046
64.0 40.00000 -2.13000 0.21112E+01 0.0028821 0.00394511 0.00394511 0.0114224
64.0 40.00000 -2.13000 0.21219E+01 0.00285937 0.00392498 0.00392498 0.0115699
64.0 40.00000 -2.13000 0.21326E+01 0.00262509 0.0036147 0.0036147 0.0121939
64.0 40.00000 -2.13000 0.21432E+01 0.00249781 0.00344746 0.00344746 0.0121786
64.0 40.00000 -2.13000 0.21537E+01 0.00235274 0.00325542 0.00325542 0.0128261
64.0 40.00000 -2.13000 0.21642E+01 0.00214342 0.00297548 0.00297548 0.0136142
64.0 40.00000 -2.13000 0.21747E+01 0.0020678 0.00288024 0.00288024 0.0138149
64.0 40.00000 -2.13000 0.21850E+01 0.00192175 0.00268666 0.00268666 0.0140777
64.0 40.00000 -2.13000 0.21953E+01 0.00179059 0.00251337 0.00251337 0.0148517
64.0 40.00000 -2.13000 0.22056E+01 0.00172575 0.00243194 0.00243194 0.0152406
64.0 40.00000 -2.13000 0.22158E+01 0.00163745 0.00232496 0.00232496 0.0159058
64.0 40.00000 -2.13000 0.22259E+01 0.00153387 0.00219749 0.00219749 0.0164874
64.0 40.00000 -2.13000 0.22360E+01 0.00141987 0.00204889 0.00204889 0.0178675
64.0 40.00000 -2.13000 0.22460E+01 0.00134708 0.00195679 0.00195679 0.0186703
64.0 40.00000 -2.13000 0.22559E+01 0.0012555 0.00183474 0.00183474 0.0197218
64.0 40.00000 -2.13000 0.22658E+01 0.00118547 0.0017396 0.0017396 0.0214336
64.0 40.00000 -2.13000 0.22757E+01 0.00110024 0.00161877 0.00161877 0.0232091
64.0 40.00000 -2.13000 0.22855E+01 0.00104042 0.00152908 0.00152908 0.0248154
64.0 40.00000 -2.13000 0.22952E+01 0.000990238 0.00145115 0.00145115 0.026951
64.0 40.00000 -2.13000 0.23049E+01 0.000891305 0.00130698 0.00130698 0.0295263
64.0 40.00000 -2.13000 0.23145E+01 0.000833163 0.00122521 0.00122521 0.0339468
64.0 40.00000 -2.48000 0.22616E+01 0.00124655 0.00182714 0.00182714 0.0195818
64.0 40.00000 -2.48000 0.22756E+01 0.0010675 0.00157061 0.00157061 0.0206207
64.0 40.00000 -2.48000 0.22896E+01 0.0010142 0.00148774 0.00148774 0.0195605
64.0 40.00000 -2.48000 0.23035E+01 0.000923355 0.00135335 0.00135335 0.0194266
64.0 40.00000 -2.48000 0.23172E+01 0.000834822 0.00122859 0.00122859 0.0201597
64.0 40.00000 -2.48000 0.23308E+01 0.00074365 0.00109655 0.00109655 0.0207096
64.0 40.00000 -2.48000 0.23444E+01 0.000693083 0.00102613 0.00102613 0.0202875
64.0 40.00000 -2.48000 0.23578E+01 0.000638385 0.000951407 0.000951407 0.021488
64.0 40.00000 -2.48000 0.23711E+01 0.000568455 0.000851035 0.000851035 0.022115
64.0 40.00000 -2.48000 0.23843E+01 0.000551111 0.000828186 0.000828186 0.0228566
64.0 40.00000 -2.48000 0.23974E+01 0.000483393 0.000729397 0.000729397 0.0246387
64.0 40.00000 -2.48000 0.24104E+01 0.000427909 0.000648905 0.000648905 0.0263232
64.0 40.00000 -2.48000 0.24233E+01 0.000407471 0.000622745 0.000622745 0.0264302
64.0 40.00000 -2.48000 0.24361E+01 0.000352019 0.000540185 0.000540185 0.028384
64.0 40.00000 -2.48000 0.24488E+01 0.000317442 0.000488393 0.000488393 0.0319426
64.0 40.00000 -2.48000 0.24615E+01 0.000269801 0.000417812 0.000417812 0.0336506
64.0 40.00000 -2.48000 0.24740E+01 0.000270049 0.00042067 0.00042067 0.0335097
64.0 40.00000 -2.48000 0.24864E+01 0.000230316 0.000360381 0.000360381 0.0365533
64.0 40.00000 -2.48000 0.24987E+01 0.000221976 0.000348899 0.000348899 0.036435
64.0 40.00000 -2.48000 0.25110E+01 0.000196037 0.000308879 0.000308879 0.0434813
64.0 40.00000 -2.48000 0.25231E+01 0.000171331 0.000271385 0.000271385 0.0467018
64.0 40.00000 -2.48000 0.25352E+01 0.000165911 0.000264483 0.000264483 0.0440675
64.0 40.00000 -2.48000 0.25471E+01 0.000139691 0.000223329 0.000223329 0.0477732
64.0 40.00000 -2.48000 0.25590E+01 0.000125272 0.000200612 0.000200612 0.0508784
64.0 40.00000 -2.48000 0.25708E+01 0.000109729 0.000176494 0.000176494 0.0548704
64.0 40.00000 -2.48000 0.25825E+01 0.000105862 0.000171259 0.000171259 0.0548548
64.0 40.00000 -2.48000 0.25941E+01 9.60255e-05 0.000155768 0.000155768 0.0630741
64.0 40.00000 -2.48000 0.26057E+01 8.25101e-05 0.000133909 0.000133909 0.0648403
64.0 40.00000 -2.48000 0.26171E+01 7.29525e-05 0.000118648 0.000118648 0.0681973
64.0 40.00000 -2.48000 0.26285E+01 6.87907e-05 0.000112491 0.000112491 0.0822746
64.0 40.00000 -2.48000 0.26398E+01 6.44056e-05 0.000105493 0.000105493 0.0776164
64.0 40.00000 -2.48000 0.26510E+01 4.21872e-05 6.89275e-05 6.89275e-05 0.112751
64.0 40.00000 -2.48000 0.26621E+01 5.0814e-05 8.31971e-05 8.31971e-05 0.107609
64.0 40.00000 -2.48000 0.26731E+01 4.44685e-05 7.30251e-05 7.30251e-05 0.139372
64.0 40.00000 -2.48000 0.26841E+01 3.51116e-05 5.73911e-05 5.73911e-05 0.1291
64.0 40.00000 -2.48000 0.26950E+01 3.09412e-05 5.02131e-05 5.02131e-05 0.185704
64.0 40.00000 -2.90000 0.26450E+01 6.21748e-05 0.000101727 0.000101727 0.0741905
64.0 40.00000 -2.90000 0.26621E+01 4.82698e-05 7.90387e-05 7.90387e-05 0.0786535
64.0 40.00000 -2.90000 0.26791E+01 4.33664e-05 7.11851e-05 7.11851e-05 0.0790756
64.0 40.00000 -2.90000 0.26960E+01 3.73872e-05 6.06847e-05 6.06847e-05 0.0809382
64.0 40.00000 -2.90000 0.27126E+01 3.07009e-05 5.02017e-05 5.02017e-05 0.0877358
64.0 40.00000 -2.90000 0.27291E+01 3.25582e-05 5.33649e-05 5.33649e-05 0.0828978
64.0 40.00000 -2.90000 0.27453E+01 1.90951e-05 3.13268e-05 3.13268e-05 0.113998
64.0 40.00000 -2.90000 0.27614E+01 1.68939e-05 2.79304e-05 2.79304e-05 0.119264
64.0 40.00000 -2.90000 0.27774E+01 1.69359e-05 2.7944e-05 2.7944e-05 0.117209
64.0 40.00000 -2.90000 0.27931E+01 1.71246e-05 2.83452e-05 2.83452e-05 0.110433
64.0 40.00000 -2.90000 0.28087E+01 1.17993e-05 1.96448e-05 1.96448e-05 0.149299
64.0 40.00000 -2.90000 0.28242E+01 9.18758e-06 1.52678e-05 1.52678e-05 0.157197
64.0 40.00000 -2.90000 0.28395E+01 6.15732e-06 1.02543e-05 1.02543e-05 0.216643
64.0 40.00000 -2.90000 0.28546E+01 7.83277e-06 1.31113e-05 1.31113e-05 0.173162
64.0 40.00000 -2.90000 0.28695E+01 7.09729e-06 1.18668e-05 1.18668e-05 0.174077
64.0 40.00000 -2.90000 0.28843E+01 5.34971e-06 8.96968e-06 8.96968e-06 0.215
64.0 40.00000 -2.90000 0.28990E+01 3.77091e-06 6.36112e-06 6.36112e-06 0.242531
64.0 40.00000 -2.90000 0.29135E+01 5.31688e-06 8.9626e-06 8.9626e-06 0.204118
64.0 40.00000 -2.90000 0.29279E+01 2.15554e-06 3.64505e-06 3.64505e-06 0.375233
64.0 40.00000 -2.90000 0.29421E+01 2.39441e-06 4.06826e-06 4.06826e-06 0.352681
64.0 40.00000 -2.90000 0.29562E+01 1.51225e-06 2.57431e-06 2.57431e-06 0.47857
64.0 40.00000 -2.90000 0.29701E+01 3.69448e-06 6.29845e-06 6.29845e-06 0.25001
64.0 40.00000 -2.90000 0.29839E+01 1.61744e-06 2.77186e-06 2.77186e-06 0.377962
64.0 40.00000 -2.90000 0.29976E+01 5.18519e-07 8.92278e-07 8.92278e-07 1.36239
64.0 40.00000 -2.90000 0.30111E+01 2.36817e-06 4.07575e-06 4.07575e-06 0.316231
64.0 40.00000 -2.90000 0.30245E+01 9.62408e-07 1.66467e-06 1.66467e-06 0.49998
64.0 40.00000 -2.90000 0.30378E+01 7.34531e-07 1.27754e-06 1.27754e-06 0.577354
64.0 40.00000 -2.90000 0.30509E+01 1.00099e-06 1.74151e-06 1.74151e-06 0.49998
64.0 40.00000 -2.90000 0.30640E+01 4.24033e-07 7.40517e-07 7.40517e-07 1.39563
64.0 40.00000 -2.90000 0.30769E+01 2.89304e-07 5.08296e-07 5.08296e-07 1
64.0 40.00000 -2.90000 0.30896E+01 3.09088e-07 5.44006e-07 5.44006e-07 1
64.0 40.00000 -2.90000 0.31023E+01 6.87738e-07 1.21309e-06 1.21309e-06 0.707133
64.0 40.00000 -2.90000 0.31272E+01 4.33223e-07 7.71673e-07 7.71673e-07 1
64.0 40.00000 -2.90000 0.31395E+01 4.97632e-07 8.87152e-07 8.87152e-07 1
64.0 40.00000 -2.90000 0.31517E+01 5.83941e-07 1.04365e-06 1.04365e-06 1
64.0 50.00000 -0.86000 0.78401E+00 0.0681293 0.0496134 0.0496134 0.0428137
64.0 50.00000 -0.86000 0.78844E+00 0.0648216 0.0474982 0.0474982 0.0414505
64.0 50.00000 -0.86000 0.79285E+00 0.0564357 0.0416084 0.0416084 0.0435336
64.0 50.00000 -0.86000 0.79726E+00 0.0615207 0.0456354 0.0456354 0.0389823
64.0 50.00000 -0.86000 0.80167E+00 0.0606741 0.0452848 0.0452848 0.0375812
64.0 50.00000 -0.86000 0.80606E+00 0.060875 0.0457092 0.0457092 0.035596
64.0 50.00000 -0.86000 0.81045E+00 0.056177 0.0424385 0.0424385 0.0365019
64.0 50.00000 -0.86000 0.81482E+00 0.063881 0.0485458 0.0485458 0.0324637
64.0 50.00000 -0.86000 0.81920E+00 0.0596711 0.0456101 0.0456101 0.0336024
64.0 50.00000 -0.86000 0.82356E+00 0.0593157 0.0456048 0.0456048 0.0333453
64.0 50.00000 -0.86000 0.82791E+00 0.05519 0.042676 0.042676 0.034908
64.0 50.00000 -0.86000 0.83226E+00 0.0590821 0.0459504 0.0459504 0.0328546
64.0 50.00000 -0.86000 0.83660E+00 0.0523017 0.0409071 0.0409071 0.0352809
64.0 50.00000 -0.86000 0.84093E+00 0.0542598 0.0426777 0.0426777 0.0340465
64.0 50.00000 -0.86000 0.84526E+00 0.0564175 0.0446218 0.0446218 0.0330743
64.0 50.00000 -0.86000 0.84958E+00 0.0536181 0.0426421 0.0426421 0.0338831
64.0 50.00000 -0.86000 0.85388E+00 0.0534936 0.0427734 0.0427734 0.0338288
64.0 50.00000 -0.86000 0.85819E+00 0.050523 0.0406227 0.0406227 0.0350745
64.0 50.00000 -0.86000 0.86248E+00 0.054103 0.0437428 0.0437428 0.0330263
64.0 50.00000 -0.86000 0.86677E+00 0.0484736 0.0394045 0.0394045 0.0353262
64.0 50.00000 -0.86000 0.87105E+00 0.0482527 0.0394346 0.0394346 0.0354984
64.0 50.00000 -0.86000 0.87532E+00 0.0454734 0.0373608 0.0373608 0.0368035
64.0 50.00000 -0.86000 0.87958E+00 0.0451766 0.037312 0.037312 0.0363229
64.0 50.00000 -0.86000 0.88384E+00 0.0461157 0.0382872 0.0382872 0.0358387
64.0 50.00000 -0.86000 0.88809E+00 0.0474312 0.0395822 0.0395822 0.0351599
64.0 50.00000 -0.86000 0.89233E+00 0.044336 0.0371884 0.0371884 0.0366726
64.0 50.00000 -0.86000 0.89657E+00 0.0476045 0.0401351 0.0401351 0.0352982
64.0 50.00000 -0.86000 0.90080E+00 0.0451652 0.0382672 0.0382672 0.03726
64.0 50.00000 -0.86000 0.90502E+00 0.045758 0.0389611 0.0389611 0.0375935
64.0 50.00000 -0.86000 0.90923E+00 0.0397378 0.0340041 0.0340041 0.0426164
64.0 50.00000 -0.86000 0.91344E+00 0.0424791 0.0365344 0.0365344 0.0417002
64.0 50.00000 -0.86000 0.91763E+00 0.0400294 0.0345966 0.0345966 0.0444421
64.0 50.00000 -0.86000 0.92183E+00 0.0404689 0.0351458 0.0351458 0.04612
64.0 50.00000 -0.86000 0.92601E+00 0.0452201 0.0394647 0.0394647 0.0438869
64.0 50.00000 -0.86000 0.93019E+00 0.0415341 0.0364201 0.0364201 0.0478682
64.0 50.00000 -0.86000 0.93436E+00 0.0387642 0.0341521 0.0341521 0.053868
64.0 50.00000 -1.00000 0.91166E+00 0.0402861 0.0345738 0.0345738 0.0298554
64.0 50.00000 -1.00000 0.91683E+00 0.0413501 0.0357027 0.0357027 0.0278038
64.0 50.00000 -1.00000 0.92200E+00 0.0372563 0.0323654 0.0323654 0.0279096
64.0 50.00000 -1.00000 0.92715E+00 0.0404348 0.0353325 0.0353325 0.0253426
64.0 50.00000 -1.00000 0.93229E+00 0.0367401 0.0322931 0.0322931 0.0257794
64.0 50.00000 -1.00000 0.93743E+00 0.0364535 0.0322248 0.0322248 0.0250401
64.0 50.00000 -1.00000 0.94255E+00 0.0352157 0.0313021 0.0313021 0.0246735
64.0 50.00000 -1.00000 0.94766E+00 0.0345814 0.0309102 0.0309102 0.0242245
64.0 50.00000 -1.00000 0.95276E+00 0.0358372 0.0322081 0.0322081 0.0232731
64.0 50.00000 -1.00000 0.95785E+00 0.0347854 0.031433 0.031433 0.0235133
64.0 50.00000 -1.00000 0.96292E+00 0.0330637 0.0300377 0.0300377 0.0242625
64.0 50.00000 -1.00000 0.96799E+00 0.0333935 0.0304978 0.0304978 0.0235861
64.0 50.00000 -1.00000 0.97305E+00 0.0336898 0.0309263 0.0309263 0.0235341
64.0 50.00000 -1.00000 0.97809E+00 0.0339271 0.031308 0.031308 0.023057
64.0 50.00000 -1.00000 0.98313E+00 0.0306438 0.0284259 0.0284259 0.0246091
64.0 50.00000 -1.00000 0.98815E+00 0.0303568 0.0282983 0.0282983 0.024602
64.0 50.00000 -1.00000 0.99317E+00 0.0293293 0.0274731 0.0274731 0.0249314
64.0 50.00000 -1.00000 0.99817E+00 0.0281073 0.0264555 0.0264555 0.0255337
64.0 50.00000 -1.00000 0.10032E+01 0.0296535 0.028045 0.028045 0.0245698
64.0 50.00000 -1.00000 0.10081E+01 0.0278285 0.0264438 0.0264438 0.0252662
64.0 50.00000 -1.00000 0.10131E+01 0.0279438 0.0266754 0.0266754 0.0251289
64.0 50.00000 -1.00000 0.10181E+01 0.0260788 0.025006 0.025006 0.0261981
64.0 50.00000 -1.00000 0.10230E+01 0.0255474 0.0246017 0.0246017 0.0262152
64.0 50.00000 -1.00000 0.10280E+01 0.0247885 0.0239759 0.0239759 0.0267467
64.0 50.00000 -1.00000 0.10329E+01 0.0254443 0.0247207 0.0247207 0.0262909
64.0 50.00000 -1.00000 0.10378E+01 0.0248969 0.0242922 0.0242922 0.0268669
64.0 50.00000 -1.00000 0.10427E+01 0.0241469 0.0236595 0.0236595 0.0273557
64.0 50.00000 -1.00000 0.10476E+01 0.0238534 0.023471 0.023471 0.0279602
64.0 50.00000 -1.00000 0.10525E+01 0.0233388 0.0230587 0.0230587 0.029017
64.0 50.00000 -1.00000 0.10574E+01 0.02199 0.0218161 0.0218161 0.0309153
64.0 50.00000 -1.00000 0.10623E+01 0.0226822 0.022593 0.022593 0.03128
64.0 50.00000 -1.00000 0.10671E+01 0.0216224 0.0216213 0.0216213 0.0329263
64.0 50.00000 -1.00000 0.10720E+01 0.0204849 0.0205624 0.0205624 0.0357069
64.0 50.00000 -1.00000 0.10768E+01 0.0206974 0.0208519 0.0208519 0.0371153
64.0 50.00000 -1.00000 0.10817E+01 0.0205183 0.0207481 0.0207481 0.0384461
64.0 50.00000 -1.00000 0.10865E+01 0.020618 0.0209244 0.0209244 0.0411613
64.0 50.00000 -1.17000 0.10667E+01 0.020779 0.0207708 0.0207708 0.0209947
64.0 50.00000 -1.17000 0.10728E+01 0.0206654 0.0207554 0.0207554 0.0198135
64.0 50.00000 -1.17000 0.10789E+01 0.0193838 0.0195584 0.0195584 0.0193053
64.0 50.00000 -1.17000 0.10849E+01 0.0196883 0.0199568 0.0199568 0.0184876
64.0 50.00000 -1.17000 0.10910E+01 0.0203164 0.0206902 0.0206902 0.0170522
64.0 50.00000 -1.17000 0.10970E+01 0.0190864 0.0195281 0.0195281 0.0172269
64.0 50.00000 -1.17000 0.11030E+01 0.018551 0.0190712 0.0190712 0.0169279
64.0 50.00000 -1.17000 0.11090E+01 0.017914 0.0184979 0.0184979 0.0168398
64.0 50.00000 -1.17000 0.11150E+01 0.0169379 0.0175659 0.0175659 0.0170876
64.0 50.00000 -1.17000 0.11210E+01 0.0173941 0.018112 0.018112 0.0168951
64.0 50.00000 -1.17000 0.11270E+01 0.0164708 0.0172206 0.0172206 0.0171371
64.0 50.00000 -1.17000 0.11329E+01 0.0160808 0.0168796 0.0168796 0.0174648
64.0 50.00000 -1.17000 0.11389E+01 0.01594 0.0167996 0.0167996 0.017493
64.0 50.00000 -1.17000 0.11448E+01 0.015536 0.01644 0.01644 0.0175633
64.0 50.00000 -1.17000 0.11507E+01 0.0150703 0.016016 0.016016 0.0176551
64.0 50.00000 -1.17000 0.11566E+01 0.0145826 0.0155614 0.0155614 0.017886
64.0 50.00000 -1.17000 0.11624E+01 0.0139862 0.0149846 0.0149846 0.0182556
64.0 50.00000 -1.17000 0.11683E+01 0.0135842 0.0146105 0.0146105 0.0187115
64.0 50.00000 -1.17000 0.11741E+01 0.0134767 0.0145468 0.0145468 0.0187205
64.0 50.00000 -1.17000 0.11799E+01 0.0128691 0.0139379 0.0139379 0.0187464
64.0 50.00000 -1.17000 0.11858E+01 0.012662 0.0137598 0.0137598 0.0192198
64.0 50.00000 -1.17000 0.11916E+01 0.0120128 0.0131007 0.0131007 0.0196904
64.0 50.00000 -1.17000 0.11973E+01 0.0119292 0.0130581 0.0130581 0.0195367
64.0 50.00000 -1.17000 0.12031E+01 0.0116124 0.0127623 0.0127623 0.0196234
64.0 50.00000 -1.17000 0.12089E+01 0.0113915 0.012566 0.012566 0.020104
64.0 50.00000 -1.17000 0.12146E+01 0.011131 0.0123228 0.0123228 0.0202682
64.0 50.00000 -1.17000 0.12203E+01 0.0108878 0.0120912 0.0120912 0.0207512
64.0 50.00000 -1.17000 0.12260E+01 0.0102996 0.0114746 0.0114746 0.0220109
64.0 50.00000 -1.17000 0.12317E+01 0.0102921 0.0115029 0.0115029 0.0225792
64.0 50.00000 -1.17000 0.12374E+01 0.0100588 0.0112791 0.0112791 0.0232093
64.0 50.00000 -1.17000 0.12431E+01 0.00916888 0.0103158 0.0103158 0.0256946
64.0 50.00000 -1.17000 0.12487E+01 0.009152 0.0103295 0.0103295 0.0261099
64.0 50.00000 -1.17000 0.12544E+01 0.00870161 0.00985128 0.00985128 0.0280965
64.0 50.00000 -1.17000 0.12600E+01 0.00907319 0.0103053 0.0103053 0.0286291
64.0 50.00000 -1.17000 0.12656E+01 0.0084007 0.00957329 0.00957329 0.0308357
64.0 50.00000 -1.17000 0.12712E+01 0.00846762 0.00968349 0.00968349 0.0331748
64.0 50.00000 -1.36000 0.12399E+01 0.00943125 0.0105912 0.0105912 0.0206369
64.0 50.00000 -1.36000 0.12471E+01 0.00892921 0.0100687 0.0100687 0.0202225
64.0 50.00000 -1.36000 0.12542E+01 0.00911243 0.0103154 0.0103154 0.0186926
64.0 50.00000 -1.36000 0.12613E+01 0.00876363 0.00996199 0.00996199 0.0184498
64.0 50.00000 -1.36000 0.12684E+01 0.00824632 0.00941389 0.00941389 0.0182932
64.0 50.00000 -1.36000 0.12755E+01 0.007869 0.00902129 0.00902129 0.0181327
64.0 50.00000 -1.36000 0.12825E+01 0.00774695 0.00891478 0.00891478 0.0175553
64.0 50.00000 -1.36000 0.12896E+01 0.00741449 0.00856347 0.00856347 0.0177943
64.0 50.00000 -1.36000 0.12966E+01 0.00714207 0.00827893 0.00827893 0.0178287
64.0 50.00000 -1.36000 0.13035E+01 0.00696146 0.00809816 0.00809816 0.0182067
64.0 50.00000 -1.36000 0.13105E+01 0.00681017 0.00794857 0.00794857 0.0182092
64.0 50.00000 -1.36000 0.13174E+01 0.00644175 0.00754777 0.00754777 0.0186829
64.0 50.00000 -1.36000 0.13243E+01 0.0064275 0.00756594 0.00756594 0.0187439
64.0 50.00000 -1.36000 0.13312E+01 0.00593366 0.00701767 0.00701767 0.0192003
64.0 50.00000 -1.36000 0.13381E+01 0.00573554 0.00680646 0.00680646 0.0197491
64.0 50.00000 -1.36000 0.13450E+01 0.00540336 0.00642802 0.00642802 0.0202509
64.0 50.00000 -1.36000 0.13518E+01 0.00540995 0.00645267 0.00645267 0.0202579
64.0 50.00000 -1.36000 0.13586E+01 0.0049197 0.00588918 0.00588918 0.0215847
64.0 50.00000 -1.36000 0.13654E+01 0.00482464 0.00580061 0.00580061 0.021457
64.0 50.00000 -1.36000 0.13722E+01 0.00473098 0.00571656 0.00571656 0.0214068
64.0 50.00000 -1.36000 0.13789E+01 0.00447049 0.0054234 0.0054234 0.0224232
64.0 50.00000 -1.36000 0.13856E+01 0.00444658 0.00541291 0.00541291 0.0223828
64.0 50.00000 -1.36000 0.13923E+01 0.00429856 0.00524669 0.00524669 0.0225644
64.0 50.00000 -1.36000 0.13990E+01 0.00406369 0.00497456 0.00497456 0.0231563
64.0 50.00000 -1.36000 0.14057E+01 0.00390229 0.00479313 0.00479313 0.0239477
64.0 50.00000 -1.36000 0.14123E+01 0.00380378 0.00469133 0.00469133 0.0241181
64.0 50.00000 -1.36000 0.14189E+01 0.00359082 0.00444819 0.00444819 0.0253004
64.0 50.00000 -1.36000 0.14255E+01 0.00353605 0.00439845 0.00439845 0.0255692
64.0 50.00000 -1.36000 0.14321E+01 0.00331079 0.00412761 0.00412761 0.0274591
64.0 50.00000 -1.36000 0.14387E+01 0.00311124 0.00388536 0.00388536 0.0295504
64.0 50.00000 -1.36000 0.14452E+01 0.00300063 0.00375446 0.00375446 0.0308107
64.0 50.00000 -1.36000 0.14518E+01 0.00306528 0.00385219 0.00385219 0.0317661
64.0 50.00000 -1.36000 0.14583E+01 0.00289623 0.00365538 0.00365538 0.0340691
64.0 50.00000 -1.36000 0.14648E+01 0.00277597 0.00351859 0.00351859 0.0364516
64.0 50.00000 -1.36000 0.14712E+01 0.00276945 0.00352438 0.00352438 0.0383079
64.0 50.00000 -1.36000 0.14777E+01 0.00268267 0.0034292 0.0034292 0.0410116
64.0 50.00000 -1.59000 0.14497E+01 0.00308322 0.00386908 0.00386908 0.0217666
64.0 50.00000 -1.59000 0.14581E+01 0.00297561 0.00375525 0.00375525 0.0209823
64.0 50.00000 -1.59000 0.14666E+01 0.0027608 0.00350323 0.00350323 0.0210697
64.0 50.00000 -1.59000 0.14750E+01 0.00262406 0.00334734 0.00334734 0.0203585
64.0 50.00000 -1.59000 0.14833E+01 0.00249956 0.00320834 0.00320834 0.0198393
64.0 50.00000 -1.59000 0.14917E+01 0.0022396 0.00288679 0.00288679 0.0205738
64.0 50.00000 -1.59000 0.15000E+01 0.00220977 0.00285952 0.00285952 0.0202107
64.0 50.00000 -1.59000 0.15083E+01 0.00214012 0.00278198 0.00278198 0.0203333
64.0 50.00000 -1.59000 0.15165E+01 0.00199837 0.00261149 0.00261149 0.0207053
64.0 50.00000 -1.59000 0.15247E+01 0.00192836 0.002533 0.002533 0.0214177
64.0 50.00000 -1.59000 0.15329E+01 0.00181161 0.00238997 0.00238997 0.021779
64.0 50.00000 -1.59000 0.15411E+01 0.00159497 0.00210407 0.00210407 0.0233344
64.0 50.00000 -1.59000 0.15492E+01 0.00165327 0.00217753 0.00217753 0.0225206
64.0 50.00000 -1.59000 0.15573E+01 0.00145654 0.00192059 0.00192059 0.0241626
64.0 50.00000 -1.59000 0.15653E+01 0.00143374 0.00190539 0.00190539 0.0245058
64.0 50.00000 -1.59000 0.15733E+01 0.00143404 0.00193889 0.00193889 0.0241523
64.0 50.00000 -1.59000 0.15813E+01 0.00130672 0.00176238 0.00176238 0.0252179
64.0 50.00000 -1.59000 0.15893E+01 0.00122439 0.00165053 0.00165053 0.0266512
64.0 50.00000 -1.59000 0.15972E+01 0.00114591 0.00154836 0.00154836 0.0268505
64.0 50.00000 -1.59000 0.16051E+01 0.000994869 0.00134759 0.00134759 0.0301149
64.0 50.00000 -1.59000 0.16130E+01 0.00101594 0.00138083 0.00138083 0.0291535
64.0 50.00000 -1.59000 0.16208E+01 0.000925193 0.00126211 0.00126211 0.0304985
64.0 50.00000 -1.59000 0.16287E+01 0.000874106 0.0011968 0.0011968 0.0313014
64.0 50.00000 -1.59000 0.16364E+01 0.000855328 0.00117503 0.00117503 0.0319129
64.0 50.00000 -1.59000 0.16442E+01 0.000800913 0.00110318 0.00110318 0.0336553
64.0 50.00000 -1.59000 0.16519E+01 0.000737144 0.00101876 0.00101876 0.0348687
64.0 50.00000 -1.59000 0.16596E+01 0.000711798 0.000987729 0.000987729 0.0361585
64.0 50.00000 -1.59000 0.16673E+01 0.000633078 0.00088412 0.00088412 0.0388493
64.0 50.00000 -1.59000 0.16749E+01 0.000636717 0.000897927 0.000897927 0.0388651
64.0 50.00000 -1.59000 0.16825E+01 0.000612498 0.000871588 0.000871588 0.0409462
64.0 50.00000 -1.59000 0.16901E+01 0.000586887 0.00084119 0.00084119 0.0442156
64.0 50.00000 -1.59000 0.16977E+01 0.000525567 0.000757718 0.000757718 0.0481879
64.0 50.00000 -1.59000 0.17052E+01 0.000447844 0.000648729 0.000648729 0.0560022
64.0 50.00000 -1.59000 0.17127E+01 0.000469716 0.000684109 0.000684109 0.0560334
64.0 50.00000 -1.59000 0.17202E+01 0.00043124 0.000631651 0.000631651 0.062598
64.0 50.00000 -1.59000 0.17276E+01 0.000423392 0.000622406 0.000622406 0.0669168
64.0 50.00000 -1.86000 0.16959E+01 0.000542415 0.000781191 0.000781191 0.0425623
64.0 50.00000 -1.86000 0.17060E+01 0.00050199 0.00072758 0.00072758 0.0499749
64.0 50.00000 -1.86000 0.17160E+01 0.000472909 0.000690493 0.000690493 0.0403982
64.0 50.00000 -1.86000 0.17260E+01 0.000409419 0.000601755 0.000601755 0.0464213
64.0 50.00000 -1.86000 0.17359E+01 0.000372471 0.000547378 0.000547378 0.0559199
64.0 50.00000 -1.86000 0.17458E+01 0.000339453 0.000495162 0.000495162 0.0480481
64.0 50.00000 -1.86000 0.17556E+01 0.000337843 0.00049327 0.00049327 0.0484734
64.0 50.00000 -1.86000 0.17654E+01 0.000291086 0.000427062 0.000427062 0.0524827
64.0 50.00000 -1.86000 0.17751E+01 0.000286449 0.000422288 0.000422288 0.0519586
64.0 50.00000 -1.86000 0.17848E+01 0.000249199 0.000368389 0.000368389 0.059302
64.0 50.00000 -1.86000 0.17944E+01 0.000228149 0.000338985 0.000338985 0.0570095
64.0 50.00000 -1.86000 0.18040E+01 0.00021386 0.000318283 0.000318283 0.0568526
64.0 50.00000 -1.86000 0.18136E+01 0.000196861 0.000294142 0.000294142 0.0660205
64.0 50.00000 -1.86000 0.18231E+01 0.000171465 0.000257653 0.000257653 0.0736313
64.0 50.00000 -1.86000 0.18325E+01 0.000168446 0.000254566 0.000254566 0.0618829
64.0 50.00000 -1.86000 0.18419E+01 0.000141815 0.000214619 0.000214619 0.0792525
64.0 50.00000 -1.86000 0.18513E+01 0.00016055 0.000243979 0.000243979 0.0613334
64.0 50.00000 -1.86000 0.18606E+01 0.000140428 0.000214299 0.000214299 0.0709538
64.0 50.00000 -1.86000 0.18699E+01 0.000117992 0.000180822 0.000180822 0.0803228
64.0 50.00000 -1.86000 0.18791E+01 0.000110108 0.00016979 0.00016979 0.0850103
64.0 50.00000 -1.86000 0.18883E+01 0.000102503 0.000158762 0.000158762 0.0955824
64.0 50.00000 -1.86000 0.18974E+01 8.43936e-05 0.00013085 0.00013085 0.110018
64.0 50.00000 -1.86000 0.19065E+01 8.89183e-05 0.000138267 0.000138267 0.0780109
64.0 50.00000 -1.86000 0.19156E+01 7.49545e-05 0.000117135 0.000117135 0.0760261
64.0 50.00000 -1.86000 0.19246E+01 5.47795e-05 8.63234e-05 8.63234e-05 0.178786
64.0 50.00000 -1.86000 0.19336E+01 5.94288e-05 9.37696e-05 9.37696e-05 0.140486
64.0 50.00000 -1.86000 0.19425E+01 4.55055e-05 7.18246e-05 7.18246e-05 0.203057
64.0 50.00000 -1.86000 0.19514E+01 5.22035e-05 8.27863e-05 8.27863e-05 0.145461
64.0 50.00000 -1.86000 0.19602E+01 4.21908e-05 6.72199e-05 6.72199e-05 0.1779
64.0 50.00000 -1.86000 0.19691E+01 3.92628e-05 6.26952e-05 6.26952e-05 0.176629
64.0 50.00000 -1.86000 0.19778E+01 4.89348e-05 7.83252e-05 7.83252e-05 0.104825
64.0 50.00000 -1.86000 0.19865E+01 4.19201e-05 6.74515e-05 6.74515e-05 0.119524
64.0 50.00000 -1.86000 0.19952E+01 3.1413e-05 5.07998e-05 5.07998e-05 0.212838
64.0 50.00000 -1.86000 0.20039E+01 2.08445e-05 3.35561e-05 3.35561e-05 0.321229
64.0 50.00000 -1.86000 0.20125E+01 3.49184e-05 5.62958e-05 5.62958e-05 0.1525
64.0 50.00000 -1.86000 0.20210E+01 2.17324e-05 3.53208e-05 3.53208e-05 0.380982
64.0 50.00000 -2.17000 0.19787E+01 4.64562e-05 7.43971e-05 7.43971e-05 0.104828
64.0 50.00000 -2.17000 0.19907E+01 3.20914e-05 5.17864e-05 5.17864e-05 0.155984
64.0 50.00000 -2.17000 0.20026E+01 2.84711e-05 4.58636e-05 4.58636e-05 0.213818
64.0 50.00000 -2.17000 0.20145E+01 2.22293e-05 3.58572e-05 3.58572e-05 0.207471
64.0 50.00000 -2.17000 0.20263E+01 1.90017e-05 3.10145e-05 3.10145e-05 0.22651
64.0 50.00000 -2.17000 0.20380E+01 2.72282e-05 4.44226e-05 4.44226e-05 0.106601
64.0 50.00000 -2.17000 0.20496E+01 1.55139e-05 2.51945e-05 2.51945e-05 0.19806
64.0 50.00000 -2.17000 0.20612E+01 1.784e-05 2.91309e-05 2.91309e-05 0.220706
64.0 50.00000 -2.17000 0.20727E+01 2.1765e-05 3.57586e-05 3.57586e-05 0.117851
64.0 50.00000 -2.17000 0.20841E+01 5.72299e-06 9.34432e-06 9.34432e-06 0.588819
64.0 50.00000 -2.17000 0.20954E+01 8.52418e-06 1.37155e-05 1.37155e-05 0.488638
64.0 50.00000 -2.17000 0.21067E+01 7.89557e-06 1.27317e-05 1.27317e-05 0.343678
64.0 50.00000 -2.17000 0.21179E+01 5.60924e-06 9.10853e-06 9.10853e-06 0.618736
64.0 50.00000 -2.17000 0.21291E+01 5.75424e-06 9.33055e-06 9.33055e-06 0.467125
64.0 50.00000 -2.17000 0.21401E+01 5.71775e-06 9.24833e-06 9.24833e-06 0.467125
64.0 50.00000 -2.17000 0.21511E+01 2.63819e-06 4.29905e-06 4.29905e-06 1.56928
64.0 50.00000 -2.17000 0.21621E+01 3.14232e-06 5.16033e-06 5.16033e-06 0.794635
64.0 50.00000 -2.17000 0.21729E+01 3.47568e-06 5.68504e-06 5.68504e-06 0.728672
64.0 50.00000 -2.17000 0.21837E+01 1.32302e-06 2.15508e-06 2.15508e-06 2.52225
64.0 50.00000 -2.17000 0.21945E+01 3.34145e-08 5.49578e-08 5.49578e-08 68.7333
64.0 50.00000 -2.17000 0.22052E+01 3.76247e-06 6.23509e-06 6.23509e-06 0.288687
64.0 50.00000 -2.17000 0.22158E+01 1.61392e-06 2.66212e-06 2.66212e-06 1.51038
64.0 50.00000 -2.17000 0.22263E+01 4.4095e-06 7.2446e-06 7.2446e-06 0.267267
64.0 50.00000 -2.17000 0.22368E+01 1.59649e-06 2.64369e-06 2.64369e-06 0.447221
64.0 50.00000 -2.17000 0.22472E+01 1.61228e-06 2.68897e-06 2.68897e-06 0.447221
64.0 50.00000 -2.17000 0.22576E+01 6.90441e-07 1.14742e-06 1.14742e-06 3.56707
64.0 50.00000 -2.17000 0.22679E+01 2.28565e-06 3.78698e-06 3.78698e-06 0.377963
64.0 50.00000 -2.17000 0.22782E+01 2.00436e-06 3.34304e-06 3.34304e-06 0.408244
64.0 50.00000 -2.17000 0.22883E+01 3.42674e-07 5.76285e-07 5.76285e-07 1
64.0 50.00000 -2.17000 0.22985E+01 1.8452e-06 3.09761e-06 3.09761e-06 0.447221
64.0 50.00000 -2.17000 0.23085E+01 8.00826e-07 1.34097e-06 1.34097e-06 0.707139
64.0 50.00000 -2.17000 0.23185E+01 1.29669e-06 2.18422e-06 2.18422e-06 0.577333
64.0 50.00000 -2.17000 0.23285E+01 9.69149e-07 1.64549e-06 1.64549e-06 0.707139
64.0 50.00000 -2.17000 0.23384E+01 2.178e-06 3.70198e-06 3.70198e-06 0.499986
64.0 50.00000 -2.17000 0.23482E+01 1.2365e-06 2.10065e-06 2.10065e-06 0.707139
64.0 50.00000 -2.17000 0.23580E+01 7.18574e-07 1.22493e-06 1.22493e-06 1
