2.0 18.00000 -3.74000 0.34129E+01 0.0426835 0.0447836 0.0447836 0.00412175
2.0 18.00000 -3.74000 0.34384E+01 0.0418709 0.0440817 0.0440817 0.00399184
2.0 18.00000 -3.74000 0.34634E+01 0.0408637 0.0431888 0.0431888 0.00386885
2.0 18.00000 -3.74000 0.34879E+01 0.0408518 0.0433519 0.0433519 0.00378586
2.0 18.00000 -3.74000 0.35118E+01 0.040164 0.0428309 0.0428309 0.00371284
2.0 18.00000 -3.74000 0.35352E+01 0.0398462 0.0427191 0.0427191 0.00367911
2.0 18.00000 -3.74000 0.35582E+01 0.0386829 0.0416808 0.0416808 0.00367212
2.0 18.00000 -3.74000 0.35807E+01 0.0380996 0.0412543 0.0412543 0.00363359
2.0 18.00000 -3.74000 0.36027E+01 0.0373503 0.0406409 0.0406409 0.00363845
2.0 18.00000 -3.74000 0.36243E+01 0.0359598 0.0392861 0.0392861 0.00369384
2.0 18.00000 -3.74000 0.36455E+01 0.0344909 0.037771 0.037771 0.00378517
2.0 18.00000 -3.74000 0.36663E+01 0.0335169 0.0367647 0.0367647 0.00387679
2.0 18.00000 -3.74000 0.36866E+01 0.0327006 0.035938 0.035938 0.00396511
2.0 18.00000 -3.74000 0.37066E+01 0.0315672 0.0347365 0.0347365 0.00406131
2.0 18.00000 -3.74000 0.37262E+01 0.0303596 0.0334593 0.0334593 0.00415753
2.0 18.00000 -3.74000 0.37454E+01 0.0296324 0.0327439 0.0327439 0.00425795
2.0 18.00000 -3.74000 0.37642E+01 0.0287625 0.0318803 0.0318803 0.00436103
2.0 18.00000 -3.74000 0.37827E+01 0.0277957 0.0309616 0.0309616 0.00448505
2.0 18.00000 -3.74000 0.38009E+01 0.0276244 0.0309034 0.0309034 0.00453704
2.0 18.00000 -3.74000 0.38187E+01 0.0269152 0.0302796 0.0302796 0.00465481
2.0 18.00000 -3.74000 0.38363E+01 0.0259773 0.0294012 0.0294012 0.00478492
2.0 18.00000 -3.74000 0.38535E+01 0.0253678 0.0288913 0.0288913 0.00489882
2.0 18.00000 -3.74000 0.38704E+01 0.0246175 0.0281502 0.0281502 0.00507742
2.0 18.00000 -3.74000 0.38870E+01 0.0237504 0.027206 0.027206 0.0052935
2.0 18.00000 -3.74000 0.39033E+01 0.0230121 0.0263603 0.0263603 0.00552756
2.0 18.00000 -3.74000 0.39193E+01 0.0217471 0.0248722 0.0248722 0.00582818
2.0 18.00000 -3.74000 0.39351E+01 0.020648 0.02358 0.02358 0.00618765
2.0 18.00000 -3.74000 0.39506E+01 0.0195097 0.022243 0.022243 0.00652861
2.0 18.00000 -3.74000 0.39658E+01 0.0187176 0.0212913 0.0212913 0.00694352
2.0 18.00000 -3.74000 0.39808E+01 0.0180545 0.0204847 0.0204847 0.00726958
2.0 18.00000 -3.74000 0.39955E+01 0.017575 0.0199089 0.0199089 0.00766602
2.0 18.00000 -3.74000 0.40100E+01 0.0172818 0.0195596 0.0195596 0.00803373
2.0 18.00000 -3.74000 0.40243E+01 0.0166858 0.0188817 0.0188817 0.00860013
2.0 18.00000 -3.74000 0.40383E+01 0.0155501 0.0176012 0.0176012 0.00936803
2.0 18.00000 -3.74000 0.40521E+01 0.0154697 0.0175349 0.0175349 0.00979326
2.0 18.00000 -3.74000 0.40657E+01 0.0157256 0.0178611 0.0178611 0.0103182
2.0 18.00000 -4.37000 0.39918E+01 0.0171958 0.0194846 0.0194846 0.003098
2.0 18.00000 -4.37000 0.40291E+01 0.0162102 0.0183435 0.0183435 0.00300926
2.0 18.00000 -4.37000 0.40648E+01 0.0150398 0.0170792 0.0170792 0.00297942
2.0 18.00000 -4.37000 0.40990E+01 0.014366 0.0164692 0.0164692 0.00295335
2.0 18.00000 -4.37000 0.41319E+01 0.0137448 0.0159646 0.0159646 0.00297413
2.0 18.00000 -4.37000 0.41635E+01 0.0128297 0.0150941 0.0150941 0.00306429
2.0 18.00000 -4.37000 0.41940E+01 0.0116118 0.0137472 0.0137472 0.00328329
2.0 18.00000 -4.37000 0.42233E+01 0.0100542 0.0117644 0.0117644 0.00359354
2.0 18.00000 -4.37000 0.42515E+01 0.00859194 0.00976731 0.00976731 0.00398083
2.0 18.00000 -4.37000 0.42787E+01 0.00762579 0.00835101 0.00835101 0.0042703
2.0 18.00000 -4.37000 0.43049E+01 0.00728594 0.00775588 0.00775588 0.00440193
2.0 18.00000 -4.37000 0.43303E+01 0.00775319 0.00828118 0.00828118 0.00429122
2.0 18.00000 -4.37000 0.43548E+01 0.00860327 0.00951952 0.00951952 0.00408784
2.0 18.00000 -4.37000 0.43784E+01 0.0100395 0.0117221 0.0117221 0.00383078
2.0 18.00000 -4.37000 0.44013E+01 0.0113717 0.0140828 0.0140828 0.00362769
2.0 18.00000 -4.37000 0.44234E+01 0.0117713 0.0153192 0.0153192 0.00360712
2.0 18.00000 -4.37000 0.44448E+01 0.0109606 0.014719 0.014719 0.00383554
2.0 18.00000 -4.37000 0.44656E+01 0.00879578 0.0120036 0.0120036 0.00431744
2.0 18.00000 -4.37000 0.44857E+01 0.0065564 0.00901308 0.00901308 0.00509202
2.0 18.00000 -4.37000 0.45052E+01 0.00474933 0.00654695 0.00654695 0.00611244
2.0 18.00000 -4.37000 0.45241E+01 0.00345657 0.00476799 0.00476799 0.00735914
2.0 18.00000 -4.37000 0.45425E+01 0.00251624 0.00346964 0.00346964 0.00885908
2.0 18.00000 -4.37000 0.45603E+01 0.00187021 0.00257734 0.00257734 0.0106677
2.0 18.00000 -4.37000 0.45776E+01 0.00142154 0.00195732 0.00195732 0.0125639
2.0 18.00000 -4.37000 0.45944E+01 0.00106367 0.00146286 0.00146286 0.0148719
2.0 18.00000 -4.37000 0.46108E+01 0.000824815 0.00113247 0.00113247 0.0175734
2.0 18.00000 -4.37000 0.46267E+01 0.000683919 0.000937243 0.000937243 0.0203934
2.0 18.00000 -4.37000 0.46421E+01 0.000560938 0.000766971 0.000766971 0.0238076
2.0 18.00000 -4.37000 0.46572E+01 0.000451487 0.000615738 0.000615738 0.0283859
2.0 18.00000 -4.37000 0.46718E+01 0.000359675 0.000489229 0.000489229 0.033761
2.0 18.00000 -4.37000 0.46861E+01 0.000271403 0.00036824 0.00036824 0.0424913
2.0 18.00000 -4.37000 0.47000E+01 0.000256712 0.000347512 0.000347512 0.0458722
2.0 18.00000 -4.37000 0.47136E+01 0.000205878 0.000278161 0.000278161 0.0550953
2.0 18.00000 -4.37000 0.47268E+01 0.000161863 0.000218353 0.000218353 0.0675029
2.0 18.00000 -4.37000 0.47397E+01 0.000143551 0.000193392 0.000193392 0.0769656
2.0 18.00000 -4.37000 0.47522E+01 0.000125176 0.000168637 0.000168637 0.0896777
2.0 18.00000 -5.10000 0.46450E+01 0.000469844 0.000642089 0.000642089 0.00591747
2.0 18.00000 -5.10000 0.46622E+01 0.00038213 0.00052069 0.00052069 0.00642198
2.0 18.00000 -5.10000 0.46788E+01 0.000306856 0.000416864 0.000416864 0.00709416
2.0 18.00000 -5.10000 0.46950E+01 0.000247117 0.000334794 0.000334794 0.00784274
2.0 18.00000 -5.10000 0.47106E+01 0.000197981 0.000267611 0.000267611 0.00874831
2.0 18.00000 -5.10000 0.47259E+01 0.000161619 0.000218041 0.000218041 0.00970828
2.0 18.00000 -5.10000 0.47406E+01 0.000130808 0.000176198 0.000176198 0.0107173
2.0 18.00000 -5.10000 0.47550E+01 0.000110151 0.000148451 0.000148451 0.0117123
2.0 18.00000 -5.10000 0.47690E+01 9.35225e-05 0.00012634 0.00012634 0.0127547
2.0 18.00000 -5.10000 0.47826E+01 8.11149e-05 0.000109773 0.000109773 0.0139122
2.0 18.00000 -5.10000 0.47958E+01 6.6993e-05 9.07554e-05 9.07554e-05 0.0156122
2.0 18.00000 -5.10000 0.48087E+01 5.8197e-05 7.89094e-05 7.89094e-05 0.0171212
2.0 18.00000 -5.10000 0.48212E+01 4.94705e-05 6.71265e-05 6.71265e-05 0.0184847
2.0 18.00000 -5.10000 0.48335E+01 4.29628e-05 5.83221e-05 5.83221e-05 0.0205769
2.0 18.00000 -5.10000 0.48454E+01 3.80798e-05 5.17048e-05 5.17048e-05 0.0215074
2.0 18.00000 -5.10000 0.48570E+01 3.515e-05 4.77372e-05 4.77372e-05 0.0228401
2.0 18.00000 -5.10000 0.48683E+01 2.9173e-05 3.96373e-05 3.96373e-05 0.0257757
2.0 18.00000 -5.10000 0.48793E+01 2.73453e-05 3.71869e-05 3.71869e-05 0.0261555
2.0 18.00000 -5.10000 0.48901E+01 2.2281e-05 3.03534e-05 3.03534e-05 0.0300824
2.0 18.00000 -5.10000 0.49006E+01 1.98829e-05 2.71641e-05 2.71641e-05 0.0320447
2.0 18.00000 -5.10000 0.49109E+01 1.85263e-05 2.5418e-05 2.5418e-05 0.0332611
2.0 18.00000 -5.10000 0.49209E+01 1.60081e-05 2.20928e-05 2.20928e-05 0.036799
2.0 18.00000 -5.10000 0.49307E+01 1.44803e-05 2.01363e-05 2.01363e-05 0.038401
2.0 18.00000 -5.10000 0.49402E+01 1.15013e-05 1.61467e-05 1.61467e-05 0.045273
2.0 18.00000 -5.10000 0.49496E+01 1.16501e-05 1.65373e-05 1.65373e-05 0.0439521
2.0 18.00000 -5.10000 0.49587E+01 9.01012e-06 1.29511e-05 1.29511e-05 0.0514361
2.0 18.00000 -5.10000 0.49677E+01 8.84343e-06 1.28893e-05 1.28893e-05 0.0517132
2.0 18.00000 -5.10000 0.49764E+01 7.6916e-06 1.1379e-05 1.1379e-05 0.0558039
2.0 18.00000 -5.10000 0.49849E+01 6.10924e-06 9.17669e-06 9.17669e-06 0.0646675
2.0 18.00000 -5.10000 0.49933E+01 6.04296e-06 9.17986e-06 9.17986e-06 0.0637903
2.0 18.00000 -5.10000 0.50015E+01 5.97965e-06 8.89234e-06 8.89234e-06 0.0620327
2.0 18.00000 -5.10000 0.50095E+01 4.38944e-06 6.23134e-07 6.23134e-07 0.0580936
2.0 18.00000 -5.10000 0.50174E+01 0 0 0 0.102255
2.0 22.00000 -2.95000 0.26906E+01 0.0197934 0.0199497 0.0199497 0.00648376
2.0 22.00000 -2.95000 0.27082E+01 0.0193999 0.0195939 0.0195939 0.0062377
2.0 22.00000 -2.95000 0.27256E+01 0.0190333 0.0192655 0.0192655 0.00606762
2.0 22.00000 -2.95000 0.27428E+01 0.0188237 0.019091 0.019091 0.00594007
2.0 22.00000 -2.95000 0.27598E+01 0.0188257 0.0191325 0.0191325 0.00580913
2.0 22.00000 -2.95000 0.27766E+01 0.0184683 0.01881 0.01881 0.00572564
2.0 22.00000 -2.95000 0.27932E+01 0.0182116 0.0185885 0.0185885 0.00563633
2.0 22.00000 -2.95000 0.28097E+01 0.0180396 0.0184546 0.0184546 0.00554896
2.0 22.00000 -2.95000 0.28259E+01 0.0174263 0.0178654 0.0178654 0.00553031
2.0 22.00000 -2.95000 0.28420E+01 0.0173121 0.0177864 0.0177864 0.00548793
2.0 22.00000 -2.95000 0.28579E+01 0.0169916 0.0174963 0.0174963 0.00547009
2.0 22.00000 -2.95000 0.28737E+01 0.016606 0.0171357 0.0171357 0.00550128
2.0 22.00000 -2.95000 0.28892E+01 0.0166129 0.0171844 0.0171844 0.0055283
2.0 22.00000 -2.95000 0.29046E+01 0.0162522 0.0168487 0.0168487 0.0056318
2.0 22.00000 -2.95000 0.29199E+01 0.0157817 0.0163988 0.0163988 0.00565818
2.0 22.00000 -2.95000 0.29349E+01 0.0154978 0.0161363 0.0161363 0.00576707
2.0 22.00000 -2.95000 0.29498E+01 0.0154557 0.0161249 0.0161249 0.00582122
2.0 22.00000 -2.95000 0.29646E+01 0.0151336 0.0158237 0.0158237 0.00592332
2.0 22.00000 -2.95000 0.29792E+01 0.0148222 0.0155307 0.0155307 0.00600155
2.0 22.00000 -2.95000 0.29937E+01 0.0145625 0.0152906 0.0152906 0.00607849
2.0 22.00000 -2.95000 0.30080E+01 0.014135 0.01487 0.01487 0.00620474
2.0 22.00000 -2.95000 0.30221E+01 0.0139018 0.0146539 0.0146539 0.00636681
2.0 22.00000 -2.95000 0.30361E+01 0.0138779 0.0146592 0.0146592 0.00649809
2.0 22.00000 -2.95000 0.30500E+01 0.013841 0.0146479 0.0146479 0.00666533
2.0 22.00000 -2.95000 0.30637E+01 0.0134462 0.014257 0.014257 0.00686761
2.0 22.00000 -2.95000 0.30773E+01 0.0133653 0.0142006 0.0142006 0.00708763
2.0 22.00000 -2.95000 0.30908E+01 0.0130763 0.0139236 0.0139236 0.00736193
2.0 22.00000 -2.95000 0.31041E+01 0.012755 0.0136134 0.0136134 0.00763494
2.0 22.00000 -2.95000 0.31173E+01 0.0125745 0.0134522 0.0134522 0.00787084
2.0 22.00000 -2.95000 0.31304E+01 0.0121926 0.0130766 0.0130766 0.00823369
2.0 22.00000 -2.95000 0.31433E+01 0.0122563 0.0131804 0.0131804 0.00849907
2.0 22.00000 -2.95000 0.31561E+01 0.0123572 0.0133223 0.0133223 0.00881771
2.0 22.00000 -2.95000 0.31688E+01 0.0116117 0.0125534 0.0125534 0.00936227
2.0 22.00000 -2.95000 0.31813E+01 0.0116207 0.0126003 0.0126003 0.00983068
2.0 22.00000 -2.95000 0.31938E+01 0.0112849 0.0122723 0.0122723 0.0102526
2.0 22.00000 -2.95000 0.32061E+01 0.0112055 0.0122229 0.0122229 0.0107907
2.0 22.00000 -3.44000 0.31384E+01 0.0120337 0.0129278 0.0129278 0.0042214
2.0 22.00000 -3.44000 0.31604E+01 0.0119888 0.012936 0.012936 0.00405587
2.0 22.00000 -3.44000 0.31821E+01 0.0113535 0.0123129 0.0123129 0.00395788
2.0 22.00000 -3.44000 0.32035E+01 0.0112045 0.012214 0.012214 0.00389599
2.0 22.00000 -3.44000 0.32245E+01 0.0108612 0.0118941 0.0118941 0.00386709
2.0 22.00000 -3.44000 0.32451E+01 0.0104768 0.0115172 0.0115172 0.00382589
2.0 22.00000 -3.44000 0.32654E+01 0.0100805 0.0111209 0.0111209 0.00383067
2.0 22.00000 -3.44000 0.32854E+01 0.00968713 0.0107169 0.0107169 0.00383434
2.0 22.00000 -3.44000 0.33051E+01 0.00931571 0.0103246 0.0103246 0.00387053
2.0 22.00000 -3.44000 0.33245E+01 0.00881724 0.00978889 0.00978889 0.00394842
2.0 22.00000 -3.44000 0.33435E+01 0.00859728 0.00956877 0.00956877 0.00402842
2.0 22.00000 -3.44000 0.33623E+01 0.00810262 0.00904253 0.00904253 0.00416875
2.0 22.00000 -3.44000 0.33808E+01 0.00790095 0.00885065 0.00885065 0.00426735
2.0 22.00000 -3.44000 0.33990E+01 0.00748899 0.00841837 0.00841837 0.00437958
2.0 22.00000 -3.44000 0.34169E+01 0.00722734 0.00815967 0.00815967 0.00449351
2.0 22.00000 -3.44000 0.34345E+01 0.00708256 0.00804012 0.00804012 0.00457739
2.0 22.00000 -3.44000 0.34519E+01 0.00666323 0.00761074 0.00761074 0.00475106
2.0 22.00000 -3.44000 0.34691E+01 0.00655538 0.00752295 0.00752295 0.00485468
2.0 22.00000 -3.44000 0.34859E+01 0.00613417 0.00706227 0.00706227 0.00503746
2.0 22.00000 -3.44000 0.35026E+01 0.00588973 0.00678909 0.00678909 0.00519075
2.0 22.00000 -3.44000 0.35190E+01 0.00549084 0.00632874 0.00632874 0.00540357
2.0 22.00000 -3.44000 0.35351E+01 0.00528718 0.00609084 0.00609084 0.0055535
2.0 22.00000 -3.44000 0.35510E+01 0.00495937 0.0057112 0.0057112 0.00576044
2.0 22.00000 -3.44000 0.35667E+01 0.00471431 0.00542429 0.00542429 0.00605053
2.0 22.00000 -3.44000 0.35822E+01 0.00448614 0.00515458 0.00515458 0.00634595
2.0 22.00000 -3.44000 0.35975E+01 0.00430336 0.00493897 0.00493897 0.00665749
2.0 22.00000 -3.44000 0.36125E+01 0.00410728 0.00471269 0.00471269 0.00701571
2.0 22.00000 -3.44000 0.36274E+01 0.00381333 0.00437618 0.00437618 0.007432
2.0 22.00000 -3.44000 0.36420E+01 0.00375496 0.00431107 0.00431107 0.00780826
2.0 22.00000 -3.44000 0.36565E+01 0.00355593 0.0040879 0.0040879 0.0082655
2.0 22.00000 -3.44000 0.36707E+01 0.00353589 0.00407547 0.00407547 0.00866293
2.0 22.00000 -3.44000 0.36848E+01 0.00331053 0.00382764 0.00382764 0.00928757
2.0 22.00000 -3.44000 0.36986E+01 0.00317242 0.00367874 0.00367874 0.0099557
2.0 22.00000 -3.44000 0.37123E+01 0.00311344 0.00361875 0.00361875 0.0105747
2.0 22.00000 -3.44000 0.37258E+01 0.00297713 0.00346925 0.00346925 0.0113683
2.0 22.00000 -3.44000 0.37392E+01 0.00277373 0.00323943 0.00323943 0.0122893
2.0 22.00000 -4.02000 0.36696E+01 0.00336705 0.00387985 0.00387985 0.00304125
2.0 22.00000 -4.02000 0.36993E+01 0.00316506 0.00367084 0.00367084 0.00297685
2.0 22.00000 -4.02000 0.37281E+01 0.00291412 0.00339728 0.00339728 0.00297282
2.0 22.00000 -4.02000 0.37562E+01 0.00257908 0.00301649 0.00301649 0.00304985
2.0 22.00000 -4.02000 0.37834E+01 0.00230943 0.00268656 0.00268656 0.00317526
2.0 22.00000 -4.02000 0.38100E+01 0.00200612 0.0022926 0.0022926 0.00332713
2.0 22.00000 -4.02000 0.38358E+01 0.00180001 0.00201134 0.00201134 0.00350493
2.0 22.00000 -4.02000 0.38610E+01 0.00172373 0.00189938 0.00189938 0.00361199
2.0 22.00000 -4.02000 0.38856E+01 0.0017364 0.0019189 0.0019189 0.00362122
2.0 22.00000 -4.02000 0.39095E+01 0.00183374 0.00207323 0.00207323 0.00352223
2.0 22.00000 -4.02000 0.39328E+01 0.00198683 0.00233711 0.00233711 0.00339054
2.0 22.00000 -4.02000 0.39555E+01 0.00214258 0.00264095 0.00264095 0.00328533
2.0 22.00000 -4.02000 0.39777E+01 0.00208407 0.00267511 0.00267511 0.00334018
2.0 22.00000 -4.02000 0.39993E+01 0.00188346 0.00248165 0.00248165 0.00356171
2.0 22.00000 -4.02000 0.40204E+01 0.00153633 0.00205361 0.00205361 0.00398506
2.0 22.00000 -4.02000 0.40410E+01 0.00118909 0.00160039 0.00160039 0.00462731
2.0 22.00000 -4.02000 0.40612E+01 0.000874282 0.00118002 0.00118002 0.00546589
2.0 22.00000 -4.02000 0.40808E+01 0.000646773 0.000873597 0.000873597 0.00651582
2.0 22.00000 -4.02000 0.41001E+01 0.000481845 0.000650635 0.000650635 0.00772541
2.0 22.00000 -4.02000 0.41189E+01 0.000356482 0.000480894 0.000480894 0.00923333
2.0 22.00000 -4.02000 0.41372E+01 0.000279227 0.000376314 0.000376314 0.0106514
2.0 22.00000 -4.02000 0.41552E+01 0.000212225 0.000285698 0.000285698 0.0125494
2.0 22.00000 -4.02000 0.41728E+01 0.000167454 0.000225109 0.000225109 0.0143178
2.0 22.00000 -4.02000 0.41900E+01 0.000137703 0.000184783 0.000184783 0.0162424
2.0 22.00000 -4.02000 0.42068E+01 0.000107403 0.000143834 0.000143834 0.0191299
2.0 22.00000 -4.02000 0.42233E+01 8.49327e-05 0.000113479 0.000113479 0.0218954
2.0 22.00000 -4.02000 0.42394E+01 6.87069e-05 9.15794e-05 9.15794e-05 0.0254683
2.0 22.00000 -4.02000 0.42552E+01 5.68812e-05 7.56293e-05 7.56293e-05 0.0292588
2.0 22.00000 -4.02000 0.42707E+01 4.55546e-05 6.04327e-05 6.04327e-05 0.0350989
2.0 22.00000 -4.02000 0.42858E+01 3.72001e-05 4.9253e-05 4.9253e-05 0.0404331
2.0 22.00000 -4.02000 0.43007E+01 3.42608e-05 4.52928e-05 4.52928e-05 0.0444682
2.0 22.00000 -4.02000 0.43152E+01 2.52785e-05 3.33854e-05 3.33854e-05 0.0567479
2.0 22.00000 -4.02000 0.43295E+01 2.36429e-05 3.12063e-05 3.12063e-05 0.0616359
2.0 22.00000 -4.02000 0.43435E+01 2.0143e-05 2.65807e-05 2.65807e-05 0.0704286
2.0 22.00000 -4.02000 0.43572E+01 1.76111e-05 2.32431e-05 2.32431e-05 0.0805078
2.0 22.00000 -4.02000 0.43707E+01 1.70791e-05 2.25546e-05 2.25546e-05 0.0850977
2.0 22.00000 -4.65300 0.42408E+01 6.03794e-05 8.04616e-05 8.04616e-05 0.0116656
2.0 22.00000 -4.65300 0.42623E+01 4.50582e-05 5.98463e-05 5.98463e-05 0.013222
2.0 22.00000 -4.65300 0.42831E+01 3.6057e-05 4.77539e-05 4.77539e-05 0.0147287
2.0 22.00000 -4.65300 0.43034E+01 2.82842e-05 3.73832e-05 3.73832e-05 0.0161649
2.0 22.00000 -4.65300 0.43231E+01 2.23824e-05 2.9547e-05 2.9547e-05 0.0181461
2.0 22.00000 -4.65300 0.43423E+01 1.80265e-05 2.37878e-05 2.37878e-05 0.0204068
2.0 22.00000 -4.65300 0.43610E+01 1.44451e-05 1.90647e-05 1.90647e-05 0.0227614
2.0 22.00000 -4.65300 0.43792E+01 1.14105e-05 1.50882e-05 1.50882e-05 0.0262016
2.0 22.00000 -4.65300 0.43969E+01 1.00077e-05 1.32852e-05 1.32852e-05 0.0277168
2.0 22.00000 -4.65300 0.44142E+01 8.06969e-06 1.07496e-05 1.07496e-05 0.0310466
2.0 22.00000 -4.65300 0.44310E+01 6.46589e-06 8.63326e-06 8.63326e-06 0.0365842
2.0 22.00000 -4.65300 0.44475E+01 5.28839e-06 7.07534e-06 7.07534e-06 0.0413421
2.0 22.00000 -4.65300 0.44635E+01 4.49133e-06 6.01928e-06 6.01928e-06 0.0452934
2.0 22.00000 -4.65300 0.44792E+01 3.88764e-06 5.21838e-06 5.21838e-06 0.0486706
2.0 22.00000 -4.65300 0.44945E+01 3.21251e-06 4.31761e-06 4.31761e-06 0.0543378
2.0 22.00000 -4.65300 0.45094E+01 2.64743e-06 3.56265e-06 3.56265e-06 0.0607257
2.0 22.00000 -4.65300 0.45240E+01 2.12151e-06 2.85873e-06 2.85873e-06 0.0725308
2.0 22.00000 -4.65300 0.45382E+01 1.75517e-06 2.36913e-06 2.36913e-06 0.0787655
2.0 22.00000 -4.65300 0.45522E+01 1.39494e-06 1.88721e-06 1.88721e-06 0.0935498
2.0 22.00000 -4.65300 0.45658E+01 1.38822e-06 1.88437e-06 1.88437e-06 0.091974
2.0 22.00000 -4.65300 0.45791E+01 1.21553e-06 1.65737e-06 1.65737e-06 0.0904271
2.0 22.00000 -4.65300 0.45921E+01 1.08809e-06 1.49232e-06 1.49232e-06 0.0979556
2.0 22.00000 -4.65300 0.46048E+01 7.26946e-07 1.00435e-06 1.00435e-06 0.137923
2.0 22.00000 -4.65300 0.46173E+01 5.56211e-07 7.75358e-07 7.75358e-07 0.158266
2.0 22.00000 -4.65300 0.46295E+01 6.10003e-07 8.59129e-07 8.59129e-07 0.146356
2.0 22.00000 -4.65300 0.46414E+01 3.84002e-07 5.47165e-07 5.47165e-07 0.207664
2.0 22.00000 -4.65300 0.46531E+01 4.23686e-07 6.11549e-07 6.11549e-07 0.18207
2.0 22.00000 -4.65300 0.46646E+01 2.91546e-07 4.26764e-07 4.26764e-07 0.241876
2.0 22.00000 -4.65300 0.46758E+01 2.29578e-07 3.40924e-07 3.40924e-07 0.303908
2.0 22.00000 -4.65300 0.46868E+01 2.76418e-07 4.15014e-07 4.15014e-07 0.227518
2.0 22.00000 -4.65300 0.46976E+01 2.11567e-07 3.08189e-07 3.08189e-07 0.293874
2.0 22.00000 -4.65300 0.47081E+01 5.61049e-07 1.80513e-07 1.80513e-07 0.231326
2.0 26.00000 -3.17000 0.28916E+01 0.00371489 0.00409641 0.00409641 0.00420687
2.0 26.00000 -3.17000 0.29110E+01 0.0036493 0.00403978 0.00403978 0.00408445
2.0 26.00000 -3.17000 0.29302E+01 0.00341445 0.00379038 0.00379038 0.00401701
2.0 26.00000 -3.17000 0.29492E+01 0.00323807 0.00360236 0.00360236 0.00396623
2.0 26.00000 -3.17000 0.29679E+01 0.00313485 0.00349598 0.00349598 0.00394706
2.0 26.00000 -3.17000 0.29863E+01 0.00297576 0.00332809 0.00332809 0.00394015
2.0 26.00000 -3.17000 0.30045E+01 0.00282577 0.00317193 0.00317193 0.00393679
2.0 26.00000 -3.17000 0.30225E+01 0.00269294 0.00303145 0.00303145 0.00396253
2.0 26.00000 -3.17000 0.30403E+01 0.00254894 0.0028803 0.0028803 0.00403518
2.0 26.00000 -3.17000 0.30578E+01 0.00244866 0.0027807 0.0027807 0.004108
2.0 26.00000 -3.17000 0.30751E+01 0.00236511 0.00270119 0.00270119 0.00423628
2.0 26.00000 -3.17000 0.30921E+01 0.0021969 0.00252161 0.00252161 0.00439876
2.0 26.00000 -3.17000 0.31090E+01 0.00207707 0.00239196 0.00239196 0.00454258
2.0 26.00000 -3.17000 0.31256E+01 0.00195964 0.00226045 0.00226045 0.00469728
2.0 26.00000 -3.17000 0.31421E+01 0.00183602 0.00211839 0.00211839 0.00488683
2.0 26.00000 -3.17000 0.31583E+01 0.00170331 0.00196545 0.00196545 0.0050903
2.0 26.00000 -3.17000 0.31743E+01 0.00160677 0.00185517 0.00185517 0.00530017
2.0 26.00000 -3.17000 0.31901E+01 0.0014943 0.00172546 0.00172546 0.00550082
2.0 26.00000 -3.17000 0.32058E+01 0.00140584 0.00162205 0.00162205 0.00570071
2.0 26.00000 -3.17000 0.32212E+01 0.00133181 0.00153531 0.00153531 0.00591032
2.0 26.00000 -3.17000 0.32365E+01 0.00126035 0.00145343 0.00145343 0.00613533
2.0 26.00000 -3.17000 0.32516E+01 0.00118168 0.00136354 0.00136354 0.0063441
2.0 26.00000 -3.17000 0.32665E+01 0.00110862 0.00127979 0.00127979 0.00657781
2.0 26.00000 -3.17000 0.32812E+01 0.00106987 0.0012357 0.0012357 0.0067803
2.0 26.00000 -3.17000 0.32958E+01 0.000991679 0.00114618 0.00114618 0.00719284
2.0 26.00000 -3.17000 0.33102E+01 0.000935049 0.00108157 0.00108157 0.00754859
2.0 26.00000 -3.17000 0.33244E+01 0.000866485 0.00100356 0.00100356 0.00806363
2.0 26.00000 -3.17000 0.33385E+01 0.00081175 0.000941143 0.000941143 0.00855595
2.0 26.00000 -3.17000 0.33524E+01 0.000791837 0.000917897 0.000917897 0.00902573
2.0 26.00000 -3.17000 0.33661E+01 0.000737855 0.000853551 0.000853551 0.00960326
2.0 26.00000 -3.17000 0.33797E+01 0.00067698 0.000779407 0.000779407 0.0104322
2.0 26.00000 -3.17000 0.33931E+01 0.000630166 0.000720406 0.000720406 0.0113079
2.0 26.00000 -3.17000 0.34064E+01 0.000587596 0.000666099 0.000666099 0.0123312
2.0 26.00000 -3.17000 0.34195E+01 0.000561449 0.000632978 0.000632978 0.0131809
2.0 26.00000 -3.17000 0.34325E+01 0.00053663 0.000603011 0.000603011 0.0141641
2.0 26.00000 -3.17000 0.34454E+01 0.000520207 0.000583568 0.000583568 0.0151847
2.0 26.00000 -3.70000 0.33763E+01 0.000683967 0.000788683 0.000788683 0.00567965
2.0 26.00000 -3.70000 0.34013E+01 0.000624105 0.000709669 0.000709669 0.00562349
2.0 26.00000 -3.70000 0.34258E+01 0.000547791 0.000616484 0.000616484 0.00570189
2.0 26.00000 -3.70000 0.34498E+01 0.000514641 0.000577325 0.000577325 0.00565361
2.0 26.00000 -3.70000 0.34733E+01 0.000514472 0.000580736 0.000580736 0.00544984
2.0 26.00000 -3.70000 0.34963E+01 0.000541174 0.000625868 0.000625868 0.00515443
2.0 26.00000 -3.70000 0.35189E+01 0.000559054 0.000670809 0.000670809 0.00497152
2.0 26.00000 -3.70000 0.35411E+01 0.000555501 0.000692377 0.000692377 0.00498099
2.0 26.00000 -3.70000 0.35628E+01 0.000527914 0.000677366 0.000677366 0.00516946
2.0 26.00000 -3.70000 0.35841E+01 0.000443308 0.000578827 0.000578827 0.00566337
2.0 26.00000 -3.70000 0.36049E+01 0.000356019 0.000469162 0.000469162 0.00643585
2.0 26.00000 -3.70000 0.36254E+01 0.00026557 0.000351456 0.000351456 0.00753941
2.0 26.00000 -3.70000 0.36455E+01 0.000198426 0.000262994 0.000262994 0.00896053
2.0 26.00000 -3.70000 0.36653E+01 0.00014845 0.000196786 0.000196786 0.010556
2.0 26.00000 -3.70000 0.36846E+01 0.000112161 0.000148579 0.000148579 0.0126071
2.0 26.00000 -3.70000 0.37036E+01 8.58623e-05 0.000113587 0.000113587 0.014679
2.0 26.00000 -3.70000 0.37223E+01 6.4586e-05 8.53375e-05 8.53375e-05 0.0174867
2.0 26.00000 -3.70000 0.37406E+01 5.1578e-05 6.80623e-05 6.80623e-05 0.0196635
2.0 26.00000 -3.70000 0.37586E+01 3.88006e-05 5.11237e-05 5.11237e-05 0.0238253
2.0 26.00000 -3.70000 0.37763E+01 3.03803e-05 3.99593e-05 3.99593e-05 0.0271805
2.0 26.00000 -3.70000 0.37937E+01 2.47751e-05 3.25198e-05 3.25198e-05 0.0314319
2.0 26.00000 -3.70000 0.38108E+01 2.0556e-05 2.69222e-05 2.69222e-05 0.0358538
2.0 26.00000 -3.70000 0.38276E+01 1.70776e-05 2.23119e-05 2.23119e-05 0.0385878
2.0 26.00000 -3.70000 0.38440E+01 1.38089e-05 1.79998e-05 1.79998e-05 0.0449463
2.0 26.00000 -3.70000 0.38603E+01 1.18732e-05 1.54411e-05 1.54411e-05 0.0472284
2.0 26.00000 -3.70000 0.38762E+01 1.04177e-05 1.35243e-05 1.35243e-05 0.0507013
2.0 26.00000 -3.70000 0.38919E+01 8.13464e-06 1.05449e-05 1.05449e-05 0.0629504
2.0 26.00000 -3.70000 0.39073E+01 7.5227e-06 9.74265e-06 9.74265e-06 0.0643593
2.0 26.00000 -3.70000 0.39225E+01 6.13383e-06 7.94024e-06 7.94024e-06 0.0769554
2.0 26.00000 -3.70000 0.39374E+01 4.58969e-06 5.94181e-06 5.94181e-06 0.0922626
2.0 26.00000 -3.70000 0.39521E+01 4.08004e-06 5.28529e-06 5.28529e-06 0.105306
2.0 26.00000 -3.70000 0.39666E+01 3.40585e-06 4.41569e-06 4.41569e-06 0.125569
2.0 26.00000 -3.70000 0.39808E+01 3.5008e-06 4.54299e-06 4.54299e-06 0.125162
2.0 26.00000 -3.70000 0.39948E+01 2.69984e-06 3.5079e-06 3.5079e-06 0.163244
2.0 26.00000 -3.70000 0.40086E+01 1.96599e-06 2.5613e-06 2.5613e-06 0.208838
2.0 26.00000 -3.70000 0.40222E+01 2.04673e-06 2.67487e-06 2.67487e-06 0.207299
2.0 26.00000 -4.32000 0.39372E+01 4.89103e-06 6.33192e-06 6.33192e-06 0.0414476
2.0 26.00000 -4.32000 0.39570E+01 4.13648e-06 5.35963e-06 5.35963e-06 0.0429715
2.0 26.00000 -4.32000 0.39763E+01 3.41329e-06 4.4284e-06 4.4284e-06 0.0455336
2.0 26.00000 -4.32000 0.39953E+01 2.55416e-06 3.31888e-06 3.31888e-06 0.0526706
2.0 26.00000 -4.32000 0.40138E+01 2.04809e-06 2.67133e-06 2.67133e-06 0.0589911
2.0 26.00000 -4.32000 0.40320E+01 1.889e-06 2.47515e-06 2.47515e-06 0.0572531
2.0 26.00000 -4.32000 0.40498E+01 1.46426e-06 1.92477e-06 1.92477e-06 0.0670288
2.0 26.00000 -4.32000 0.40672E+01 1.22246e-06 1.61144e-06 1.61144e-06 0.0752085
2.0 26.00000 -4.32000 0.40843E+01 1.04904e-06 1.3863e-06 1.3863e-06 0.0805926
2.0 26.00000 -4.32000 0.41010E+01 9.32798e-07 1.23549e-06 1.23549e-06 0.0832938
2.0 26.00000 -4.32000 0.41174E+01 6.64767e-07 8.82212e-07 8.82212e-07 0.103381
2.0 26.00000 -4.32000 0.41335E+01 5.31582e-07 7.06739e-07 7.06739e-07 0.1255
2.0 26.00000 -4.32000 0.41493E+01 5.2537e-07 6.99688e-07 6.99688e-07 0.118038
2.0 26.00000 -4.32000 0.41648E+01 3.91566e-07 5.22388e-07 5.22388e-07 0.141623
2.0 26.00000 -4.32000 0.41800E+01 3.69451e-07 4.93882e-07 4.93882e-07 0.15083
2.0 26.00000 -4.32000 0.41948E+01 2.5947e-07 3.47638e-07 3.47638e-07 0.161505
2.0 26.00000 -4.32000 0.42095E+01 2.44396e-07 3.28371e-07 3.28371e-07 0.193482
2.0 26.00000 -4.32000 0.42238E+01 1.27849e-07 1.72366e-07 1.72366e-07 0.318497
2.0 26.00000 -4.32000 0.42379E+01 1.37662e-07 1.86408e-07 1.86408e-07 0.260501
2.0 26.00000 -4.32000 0.42517E+01 7.83211e-08 1.06611e-07 1.06611e-07 0.431457
2.0 26.00000 -4.32000 0.42653E+01 1.13985e-07 1.56137e-07 1.56137e-07 0.28261
2.0 26.00000 -4.32000 0.42787E+01 1.44822e-07 1.9984e-07 1.9984e-07 0.210281
2.0 26.00000 -4.32000 0.42918E+01 6.49274e-08 9.034e-08 9.034e-08 0.387222
2.0 26.00000 -4.32000 0.43046E+01 4.66856e-08 6.5556e-08 6.5556e-08 0.476614
2.0 26.00000 -4.32000 0.43173E+01 2.08372e-08 2.95575e-08 2.95575e-08 1.10539
2.0 26.00000 -4.32000 0.43297E+01 6.57133e-08 9.42328e-08 9.42328e-08 0.353177
2.0 26.00000 -4.32000 0.43540E+01 4.04649e-08 5.93296e-08 5.93296e-08 0.488213
2.0 26.00000 -4.32000 0.43658E+01 2.0479e-08 3.02557e-08 3.02557e-08 0.858102
2.0 26.00000 -4.32000 0.43889E+01 1.48976e-08 1.579e-08 1.579e-08 1.68658
2.0 32.00000 -2.29000 0.20882E+01 0.00251308 0.00258169 0.00258169 0.00738675
2.0 32.00000 -2.29000 0.21010E+01 0.00252412 0.00259883 0.00259883 0.00704648
2.0 32.00000 -2.29000 0.21137E+01 0.00244566 0.00252392 0.00252392 0.00687704
2.0 32.00000 -2.29000 0.21263E+01 0.00236902 0.00245028 0.00245028 0.00673401
2.0 32.00000 -2.29000 0.21388E+01 0.00239496 0.00248309 0.00248309 0.00651942
2.0 32.00000 -2.29000 0.21513E+01 0.00225287 0.00234118 0.00234118 0.00647758
2.0 32.00000 -2.29000 0.21636E+01 0.00217273 0.00226312 0.00226312 0.00642165
2.0 32.00000 -2.29000 0.21759E+01 0.00213084 0.00222459 0.00222459 0.00634263
2.0 32.00000 -2.29000 0.21881E+01 0.00206444 0.00215982 0.00215982 0.0063783
2.0 32.00000 -2.29000 0.22002E+01 0.00199479 0.00209134 0.00209134 0.00636217
2.0 32.00000 -2.29000 0.22122E+01 0.00192477 0.00202236 0.00202236 0.00645626
2.0 32.00000 -2.29000 0.22241E+01 0.00190651 0.00200755 0.00200755 0.00652709
2.0 32.00000 -2.29000 0.22360E+01 0.00184388 0.00194603 0.00194603 0.00661969
2.0 32.00000 -2.29000 0.22478E+01 0.00179991 0.00190412 0.00190412 0.00673751
2.0 32.00000 -2.29000 0.22595E+01 0.00172721 0.00183118 0.00183118 0.00684605
2.0 32.00000 -2.29000 0.22711E+01 0.00168892 0.00179431 0.00179431 0.00698459
2.0 32.00000 -2.29000 0.22827E+01 0.00161791 0.00172243 0.00172243 0.00713272
2.0 32.00000 -2.29000 0.22941E+01 0.00157889 0.00168467 0.00168467 0.00724693
2.0 32.00000 -2.29000 0.23055E+01 0.00150156 0.00160577 0.00160577 0.00743795
2.0 32.00000 -2.29000 0.23168E+01 0.00149389 0.00160175 0.00160175 0.0074895
2.0 32.00000 -2.29000 0.23281E+01 0.00144272 0.00155107 0.00155107 0.00762906
2.0 32.00000 -2.29000 0.23393E+01 0.00140708 0.00151669 0.00151669 0.00776441
2.0 32.00000 -2.29000 0.23504E+01 0.00136219 0.00147211 0.00147211 0.00793208
2.0 32.00000 -2.29000 0.23614E+01 0.00131225 0.00142169 0.00142169 0.0081194
2.0 32.00000 -2.29000 0.23724E+01 0.0013234 0.00143748 0.00143748 0.00832989
2.0 32.00000 -2.29000 0.23833E+01 0.00126784 0.00138144 0.00138144 0.00862445
2.0 32.00000 -2.29000 0.23941E+01 0.00120869 0.0013211 0.0013211 0.00895786
2.0 32.00000 -2.29000 0.24048E+01 0.0011844 0.00129869 0.00129869 0.00930499
2.0 32.00000 -2.29000 0.24155E+01 0.00114469 0.00125836 0.00125836 0.0097008
2.0 32.00000 -2.29000 0.24261E+01 0.00110861 0.00122169 0.00122169 0.0102264
2.0 32.00000 -2.29000 0.24367E+01 0.00105601 0.00116615 0.00116615 0.0107798
2.0 32.00000 -2.29000 0.24472E+01 0.0010342 0.00114435 0.00114435 0.0113194
2.0 32.00000 -2.29000 0.24576E+01 0.000983523 0.00109024 0.00109024 0.0120358
2.0 32.00000 -2.29000 0.24679E+01 0.000963493 0.00106986 0.00106986 0.012679
2.0 32.00000 -2.29000 0.24782E+01 0.000938189 0.00104374 0.00104374 0.013494
2.0 32.00000 -2.29000 0.24884E+01 0.000895106 0.000997954 0.000997954 0.0145421
2.0 32.00000 -2.67000 0.24350E+01 0.0010571 0.00116704 0.00116704 0.00637074
2.0 32.00000 -2.67000 0.24504E+01 0.00103643 0.00114753 0.00114753 0.00615012
2.0 32.00000 -2.67000 0.24657E+01 0.000980311 0.00108805 0.00108805 0.00603964
2.0 32.00000 -2.67000 0.24808E+01 0.000926434 0.00103121 0.00103121 0.00590447
2.0 32.00000 -2.67000 0.24959E+01 0.000886347 0.000989695 0.000989695 0.00589342
2.0 32.00000 -2.67000 0.25107E+01 0.000828642 0.000927665 0.000927665 0.00590717
2.0 32.00000 -2.67000 0.25255E+01 0.000780261 0.000875375 0.000875375 0.00596881
2.0 32.00000 -2.67000 0.25401E+01 0.000738362 0.000830805 0.000830805 0.00596545
2.0 32.00000 -2.67000 0.25546E+01 0.00069883 0.000789329 0.000789329 0.006098
2.0 32.00000 -2.67000 0.25689E+01 0.000668484 0.000758662 0.000758662 0.00622581
2.0 32.00000 -2.67000 0.25831E+01 0.000627382 0.000715467 0.000715467 0.00643087
2.0 32.00000 -2.67000 0.25972E+01 0.000597279 0.000683646 0.000683646 0.00662291
2.0 32.00000 -2.67000 0.26112E+01 0.0005511 0.000632277 0.000632277 0.00692674
2.0 32.00000 -2.67000 0.26250E+01 0.000519201 0.000596459 0.000596459 0.00718507
2.0 32.00000 -2.67000 0.26387E+01 0.000487834 0.000560766 0.000560766 0.00739111
2.0 32.00000 -2.67000 0.26524E+01 0.000455401 0.000523893 0.000523893 0.00767289
2.0 32.00000 -2.67000 0.26658E+01 0.00042265 0.000486724 0.000486724 0.00806414
2.0 32.00000 -2.67000 0.26792E+01 0.000390756 0.000449995 0.000449995 0.0083977
2.0 32.00000 -2.67000 0.26925E+01 0.000374914 0.000431376 0.000431376 0.00865249
2.0 32.00000 -2.67000 0.27056E+01 0.000342654 0.000393744 0.000393744 0.00901116
2.0 32.00000 -2.67000 0.27186E+01 0.00031826 0.000365489 0.000365489 0.00940958
2.0 32.00000 -2.67000 0.27316E+01 0.000303856 0.000348918 0.000348918 0.00962562
2.0 32.00000 -2.67000 0.27444E+01 0.000279636 0.000320966 0.000320966 0.0101632
2.0 32.00000 -2.67000 0.27571E+01 0.000259661 0.000297779 0.000297779 0.0106539
2.0 32.00000 -2.67000 0.27697E+01 0.000251771 0.000288555 0.000288555 0.0109547
2.0 32.00000 -2.67000 0.27822E+01 0.000228653 0.000262128 0.000262128 0.0115752
2.0 32.00000 -2.67000 0.27946E+01 0.000214809 0.000246429 0.000246429 0.0123161
2.0 32.00000 -2.67000 0.28068E+01 0.000193033 0.00022137 0.00022137 0.0132527
2.0 32.00000 -2.67000 0.28190E+01 0.000181581 0.000207874 0.000207874 0.014319
2.0 32.00000 -2.67000 0.28311E+01 0.000173612 0.000198352 0.000198352 0.0149723
2.0 32.00000 -2.67000 0.28431E+01 0.000163462 0.000186543 0.000186543 0.0159902
2.0 32.00000 -2.67000 0.28550E+01 0.000151425 0.000172337 0.000172337 0.0174335
2.0 32.00000 -2.67000 0.28668E+01 0.000140504 0.000159317 0.000159317 0.0187887
2.0 32.00000 -2.67000 0.28785E+01 0.000134565 0.00015218 0.00015218 0.0201176
2.0 32.00000 -2.67000 0.28901E+01 0.000128993 0.000145839 0.000145839 0.0217343
2.0 32.00000 -2.67000 0.29016E+01 0.000130328 0.000147688 0.000147688 0.0228574
2.0 32.00000 -3.13000 0.28550E+01 0.000147378 0.000167731 0.000167731 0.0109605
2.0 32.00000 -3.13000 0.28741E+01 0.000133248 0.000150797 0.000150797 0.010884
2.0 32.00000 -3.13000 0.28930E+01 0.000131138 0.000148317 0.000148317 0.0103858
2.0 32.00000 -3.13000 0.29116E+01 0.000123474 0.00014055 0.00014055 0.0101911
2.0 32.00000 -3.13000 0.29300E+01 0.000119827 0.000138568 0.000138568 0.0100137
2.0 32.00000 -3.13000 0.29481E+01 0.000119833 0.000142037 0.000142037 0.00961042
2.0 32.00000 -3.13000 0.29661E+01 0.000118472 0.000144311 0.000144311 0.00949801
2.0 32.00000 -3.13000 0.29837E+01 0.000109789 0.00013683 0.00013683 0.00969675
2.0 32.00000 -3.13000 0.30012E+01 9.839e-05 0.000124601 0.000124601 0.0103267
2.0 32.00000 -3.13000 0.30184E+01 8.37004e-05 0.000107128 0.000107128 0.0113884
2.0 32.00000 -3.13000 0.30355E+01 6.58766e-05 8.48293e-05 8.48293e-05 0.012836
2.0 32.00000 -3.13000 0.30523E+01 5.36655e-05 6.93036e-05 6.93036e-05 0.0145255
2.0 32.00000 -3.13000 0.30689E+01 4.24264e-05 5.48658e-05 5.48658e-05 0.0164896
2.0 32.00000 -3.13000 0.30853E+01 3.18144e-05 4.11551e-05 4.11551e-05 0.0193754
2.0 32.00000 -3.13000 0.31015E+01 2.55614e-05 3.30509e-05 3.30509e-05 0.0219675
2.0 32.00000 -3.13000 0.31176E+01 2.02566e-05 2.61715e-05 2.61715e-05 0.0251208
2.0 32.00000 -3.13000 0.31334E+01 1.64416e-05 2.12114e-05 2.12114e-05 0.0291031
2.0 32.00000 -3.13000 0.31490E+01 1.28383e-05 1.65331e-05 1.65331e-05 0.0333985
2.0 32.00000 -3.13000 0.31645E+01 1.01964e-05 1.31177e-05 1.31177e-05 0.0383324
2.0 32.00000 -3.13000 0.31798E+01 8.25033e-06 1.06009e-05 1.06009e-05 0.0436552
2.0 32.00000 -3.13000 0.31949E+01 7.40759e-06 9.50468e-06 9.50468e-06 0.0451619
2.0 32.00000 -3.13000 0.32098E+01 5.93249e-06 7.60011e-06 7.60011e-06 0.0523157
2.0 32.00000 -3.13000 0.32245E+01 4.57227e-06 5.84702e-06 5.84702e-06 0.0627658
2.0 32.00000 -3.13000 0.32391E+01 4.13354e-06 5.27646e-06 5.27646e-06 0.0657177
2.0 32.00000 -3.13000 0.32535E+01 3.36792e-06 4.29107e-06 4.29107e-06 0.0744927
2.0 32.00000 -3.13000 0.32678E+01 2.8146e-06 3.57933e-06 3.57933e-06 0.0824778
2.0 32.00000 -3.13000 0.32819E+01 2.24271e-06 2.8469e-06 2.8469e-06 0.100958
2.0 32.00000 -3.13000 0.32958E+01 1.88161e-06 2.38419e-06 2.38419e-06 0.110582
2.0 32.00000 -3.13000 0.33096E+01 1.66023e-06 2.10068e-06 2.10068e-06 0.120736
2.0 32.00000 -3.13000 0.33232E+01 1.76564e-06 2.23141e-06 2.23141e-06 0.113338
2.0 32.00000 -3.13000 0.33367E+01 1.18024e-06 1.4904e-06 1.4904e-06 0.153878
2.0 32.00000 -3.13000 0.33500E+01 1.14462e-06 1.44497e-06 1.44497e-06 0.172392
2.0 32.00000 -3.13000 0.33632E+01 8.74249e-07 1.10365e-06 1.10365e-06 0.21829
2.0 32.00000 -3.13000 0.33762E+01 7.59312e-07 9.58935e-07 9.58935e-07 0.24231
2.0 32.00000 -3.13000 0.33891E+01 7.36393e-07 9.30506e-07 9.30506e-07 0.264748
2.0 32.00000 -3.13000 0.34019E+01 6.08832e-07 7.69807e-07 7.69807e-07 0.301735
2.0 32.00000 -3.65000 0.33309E+01 1.48384e-06 1.87439e-06 1.87439e-06 0.0702141
2.0 32.00000 -3.65000 0.33562E+01 1.06051e-06 1.33868e-06 1.33868e-06 0.0823613
2.0 32.00000 -3.65000 0.33809E+01 7.18315e-07 9.07303e-07 9.07303e-07 0.0954004
2.0 32.00000 -3.65000 0.34051E+01 7.19167e-07 9.0953e-07 9.0953e-07 0.0855851
2.0 32.00000 -3.65000 0.34289E+01 4.50758e-07 5.71291e-07 5.71291e-07 0.116413
2.0 32.00000 -3.65000 0.34522E+01 3.80955e-07 4.84042e-07 4.84042e-07 0.11849
2.0 32.00000 -3.65000 0.34750E+01 3.446e-07 4.39675e-07 4.39675e-07 0.121686
2.0 32.00000 -3.65000 0.34974E+01 1.56257e-07 2.00415e-07 2.00415e-07 0.235
2.0 32.00000 -3.65000 0.35193E+01 1.69162e-07 2.17966e-07 2.17966e-07 0.195387
2.0 32.00000 -3.65000 0.35408E+01 1.05454e-07 1.36363e-07 1.36363e-07 0.28522
2.0 32.00000 -3.65000 0.35619E+01 8.47003e-08 1.09916e-07 1.09916e-07 0.319358
2.0 32.00000 -3.65000 0.35826E+01 7.36111e-08 9.58343e-08 9.58343e-08 0.308682
2.0 32.00000 -3.65000 0.36030E+01 8.50096e-08 1.11006e-07 1.11006e-07 0.251953
2.0 32.00000 -3.65000 0.36229E+01 5.71055e-08 7.47682e-08 7.47682e-08 0.351743
2.0 32.00000 -3.65000 0.36425E+01 3.25052e-08 4.26664e-08 4.26664e-08 0.493034
2.0 32.00000 -3.65000 0.36617E+01 3.53514e-08 4.6526e-08 4.6526e-08 0.422349
2.0 32.00000 -3.65000 0.36806E+01 2.58208e-08 3.40835e-08 3.40835e-08 0.445853
2.0 32.00000 -3.65000 0.36992E+01 2.72375e-08 3.60788e-08 3.60788e-08 0.550051
2.0 32.00000 -3.65000 0.37174E+01 1.37088e-08 1.82341e-08 1.82341e-08 0.725642
2.0 32.00000 -3.65000 0.37353E+01 4.59889e-09 6.14642e-09 6.14642e-09 2.24542
2.0 32.00000 -3.65000 0.37529E+01 7.99093e-09 1.0743e-08 1.0743e-08 1.37958
2.0 32.00000 -3.65000 0.37872E+01 1.11371e-08 1.51898e-08 1.51898e-08 0.895367
2.0 32.00000 -3.65000 0.38365E+01 6.13824e-10 8.60888e-10 8.60888e-10 10.986
2.0 32.00000 -3.65000 0.38524E+01 7.31345e-09 1.0361e-08 1.0361e-08 0.841501
2.0 32.00000 -3.65000 0.38680E+01 7.80789e-09 1.11668e-08 1.11668e-08 0.84139
2.0 32.00000 -3.65000 0.38834E+01 8.97264e-09 1.29089e-08 1.29089e-08 0.937244
2.0 40.00000 -1.14000 0.10393E+01 0.00372287 0.00301537 0.00301537 0.0153383
2.0 40.00000 -1.14000 0.10452E+01 0.0037139 0.00301892 0.00301892 0.014514
2.0 40.00000 -1.14000 0.10512E+01 0.00362436 0.00295657 0.00295657 0.0139802
2.0 40.00000 -1.14000 0.10571E+01 0.00347083 0.00284084 0.00284084 0.0138784
2.0 40.00000 -1.14000 0.10630E+01 0.00348342 0.00286083 0.00286083 0.0134239
2.0 40.00000 -1.14000 0.10688E+01 0.00354295 0.00291971 0.00291971 0.0128808
2.0 40.00000 -1.14000 0.10747E+01 0.00339726 0.00280896 0.00280896 0.0126518
2.0 40.00000 -1.14000 0.10806E+01 0.00328556 0.00272544 0.00272544 0.0126141
2.0 40.00000 -1.14000 0.10864E+01 0.00331998 0.00276279 0.00276279 0.0122427
2.0 40.00000 -1.14000 0.10922E+01 0.00323961 0.00270446 0.00270446 0.0122104
2.0 40.00000 -1.14000 0.10980E+01 0.00322559 0.00270127 0.00270127 0.012188
2.0 40.00000 -1.14000 0.11038E+01 0.00316741 0.00266081 0.00266081 0.0121253
2.0 40.00000 -1.14000 0.11096E+01 0.00321932 0.00271276 0.00271276 0.0120947
2.0 40.00000 -1.14000 0.11153E+01 0.00319389 0.00269954 0.00269954 0.0120879
2.0 40.00000 -1.14000 0.11211E+01 0.00319257 0.00270657 0.00270657 0.0121125
2.0 40.00000 -1.14000 0.11268E+01 0.00322167 0.00273916 0.00273916 0.0120729
2.0 40.00000 -1.14000 0.11325E+01 0.00307782 0.00262445 0.00262445 0.0123041
2.0 40.00000 -1.14000 0.11383E+01 0.00304736 0.00260619 0.00260619 0.0123682
2.0 40.00000 -1.14000 0.11439E+01 0.00295781 0.00253688 0.00253688 0.012599
2.0 40.00000 -1.14000 0.11496E+01 0.00295972 0.00254566 0.00254566 0.0125533
2.0 40.00000 -1.14000 0.11553E+01 0.00293306 0.00252968 0.00252968 0.0125975
2.0 40.00000 -1.14000 0.11609E+01 0.00284426 0.00245977 0.00245977 0.0127716
2.0 40.00000 -1.14000 0.11666E+01 0.00293374 0.00254399 0.00254399 0.0125627
2.0 40.00000 -1.14000 0.11722E+01 0.00284963 0.00247767 0.00247767 0.0128875
2.0 40.00000 -1.14000 0.11778E+01 0.00281652 0.00245536 0.00245536 0.0131689
2.0 40.00000 -1.14000 0.11834E+01 0.00282985 0.00247357 0.00247357 0.0134122
2.0 40.00000 -1.14000 0.11890E+01 0.00284748 0.00249573 0.00249573 0.0135379
2.0 40.00000 -1.14000 0.11945E+01 0.00270286 0.00237492 0.00237492 0.0143368
2.0 40.00000 -1.14000 0.12001E+01 0.00274215 0.00241526 0.00241526 0.0145185
2.0 40.00000 -1.14000 0.12056E+01 0.00270099 0.00238489 0.00238489 0.0149355
2.0 40.00000 -1.14000 0.12112E+01 0.0027036 0.00239312 0.00239312 0.0153329
2.0 40.00000 -1.14000 0.12167E+01 0.00261407 0.00231975 0.00231975 0.0162128
2.0 40.00000 -1.14000 0.12222E+01 0.00269783 0.00239999 0.00239999 0.0165425
2.0 40.00000 -1.14000 0.12277E+01 0.00250279 0.00223159 0.00223159 0.0179077
2.0 40.00000 -1.14000 0.12331E+01 0.00266835 0.00238478 0.00238478 0.0179611
2.0 40.00000 -1.14000 0.12386E+01 0.0025071 0.00224601 0.00224601 0.0194272
2.0 40.00000 -1.33000 0.12126E+01 0.00256978 0.00227613 0.00227613 0.0116275
2.0 40.00000 -1.33000 0.12195E+01 0.00254856 0.00226462 0.00226462 0.0111068
2.0 40.00000 -1.33000 0.12265E+01 0.00255119 0.00227367 0.00227367 0.0106059
2.0 40.00000 -1.33000 0.12335E+01 0.00255427 0.00228313 0.00228313 0.0101685
2.0 40.00000 -1.33000 0.12404E+01 0.00245056 0.00219708 0.00219708 0.0100568
2.0 40.00000 -1.33000 0.12473E+01 0.00249223 0.00224099 0.00224099 0.00970896
2.0 40.00000 -1.33000 0.12542E+01 0.00245869 0.00221727 0.00221727 0.00944037
2.0 40.00000 -1.33000 0.12610E+01 0.00232034 0.00209858 0.00209858 0.00945413
2.0 40.00000 -1.33000 0.12679E+01 0.00228532 0.00207281 0.00207281 0.0093505
2.0 40.00000 -1.33000 0.12747E+01 0.00229622 0.00208861 0.00208861 0.00920284
2.0 40.00000 -1.33000 0.12815E+01 0.00221557 0.00202095 0.00202095 0.00931037
2.0 40.00000 -1.33000 0.12883E+01 0.00221215 0.00202348 0.00202348 0.00922327
2.0 40.00000 -1.33000 0.12950E+01 0.00227417 0.00208578 0.00208578 0.00916996
2.0 40.00000 -1.33000 0.13018E+01 0.00217283 0.00199812 0.00199812 0.00937345
2.0 40.00000 -1.33000 0.13085E+01 0.00220958 0.00203752 0.00203752 0.00932707
2.0 40.00000 -1.33000 0.13152E+01 0.00212136 0.00196124 0.00196124 0.00948438
2.0 40.00000 -1.33000 0.13219E+01 0.00204148 0.00189214 0.00189214 0.00963851
2.0 40.00000 -1.33000 0.13285E+01 0.00210805 0.0019588 0.0019588 0.00956811
2.0 40.00000 -1.33000 0.13352E+01 0.00202693 0.00188811 0.00188811 0.00968947
2.0 40.00000 -1.33000 0.13418E+01 0.00200712 0.00187423 0.00187423 0.00977289
2.0 40.00000 -1.33000 0.13484E+01 0.00196052 0.00183501 0.00183501 0.00989868
2.0 40.00000 -1.33000 0.13550E+01 0.00198737 0.00186453 0.00186453 0.00983326
2.0 40.00000 -1.33000 0.13615E+01 0.0018959 0.00178291 0.00178291 0.010011
2.0 40.00000 -1.33000 0.13681E+01 0.00185624 0.00174958 0.00174958 0.0102241
2.0 40.00000 -1.33000 0.13746E+01 0.00181932 0.00171864 0.00171864 0.0105404
2.0 40.00000 -1.33000 0.13811E+01 0.00181455 0.00171794 0.00171794 0.0107219
2.0 40.00000 -1.33000 0.13876E+01 0.00182298 0.0017297 0.0017297 0.0108857
2.0 40.00000 -1.33000 0.13940E+01 0.00176384 0.00167713 0.00167713 0.0112865
2.0 40.00000 -1.33000 0.14005E+01 0.00174346 0.00166115 0.00166115 0.0116086
2.0 40.00000 -1.33000 0.14069E+01 0.00173479 0.00165641 0.00165641 0.0120103
2.0 40.00000 -1.33000 0.14133E+01 0.00167412 0.00160175 0.00160175 0.0125752
2.0 40.00000 -1.33000 0.14197E+01 0.00168222 0.00161262 0.00161262 0.0130166
2.0 40.00000 -1.33000 0.14261E+01 0.00166351 0.00159787 0.00159787 0.0135505
2.0 40.00000 -1.33000 0.14324E+01 0.00163827 0.00157674 0.00157674 0.0142045
2.0 40.00000 -1.33000 0.14387E+01 0.00161838 0.00156062 0.00156062 0.0149743
2.0 40.00000 -1.33000 0.14451E+01 0.00161407 0.00155935 0.00155935 0.0156763
2.0 40.00000 -1.56000 0.14223E+01 0.00161045 0.00154507 0.00154507 0.00993222
2.0 40.00000 -1.56000 0.14306E+01 0.00163855 0.00157614 0.00157614 0.00935835
2.0 40.00000 -1.56000 0.14389E+01 0.00157045 0.00151445 0.00151445 0.00912824
2.0 40.00000 -1.56000 0.14471E+01 0.00152923 0.00147827 0.00147827 0.00890953
2.0 40.00000 -1.56000 0.14553E+01 0.00152232 0.00147514 0.00147514 0.00862302
2.0 40.00000 -1.56000 0.14635E+01 0.00149355 0.00145073 0.00145073 0.00842845
2.0 40.00000 -1.56000 0.14716E+01 0.0014791 0.00144001 0.00144001 0.00826604
2.0 40.00000 -1.56000 0.14797E+01 0.00141893 0.00138469 0.00138469 0.00818165
2.0 40.00000 -1.56000 0.14878E+01 0.00140126 0.00137041 0.00137041 0.00811565
2.0 40.00000 -1.56000 0.14959E+01 0.00136794 0.00134084 0.00134084 0.00809112
2.0 40.00000 -1.56000 0.15039E+01 0.00133457 0.00131103 0.00131103 0.00812123
2.0 40.00000 -1.56000 0.15119E+01 0.00133642 0.00131558 0.00131558 0.008177
2.0 40.00000 -1.56000 0.15198E+01 0.00130008 0.00128253 0.00128253 0.00830524
2.0 40.00000 -1.56000 0.15278E+01 0.00127785 0.00126327 0.00126327 0.00836867
2.0 40.00000 -1.56000 0.15357E+01 0.00123911 0.0012275 0.0012275 0.00848005
2.0 40.00000 -1.56000 0.15435E+01 0.0012079 0.001199 0.001199 0.00863079
2.0 40.00000 -1.56000 0.15514E+01 0.00119099 0.00118456 0.00118456 0.00869199
2.0 40.00000 -1.56000 0.15592E+01 0.00116499 0.00116109 0.00116109 0.00885948
2.0 40.00000 -1.56000 0.15670E+01 0.00113236 0.0011307 0.0011307 0.00892482
2.0 40.00000 -1.56000 0.15747E+01 0.00112115 0.0011216 0.0011216 0.00899493
2.0 40.00000 -1.56000 0.15824E+01 0.0010831 0.00108559 0.00108559 0.00916827
2.0 40.00000 -1.56000 0.15901E+01 0.00107576 0.00108038 0.00108038 0.00922545
2.0 40.00000 -1.56000 0.15978E+01 0.00104699 0.00105338 0.00105338 0.00933434
2.0 40.00000 -1.56000 0.16054E+01 0.00100404 0.00101207 0.00101207 0.00947041
2.0 40.00000 -1.56000 0.16131E+01 0.00101738 0.00102725 0.00102725 0.00970759
2.0 40.00000 -1.56000 0.16206E+01 0.000975856 0.000987078 0.000987078 0.00996128
2.0 40.00000 -1.56000 0.16282E+01 0.000936031 0.00094848 0.00094848 0.0104242
2.0 40.00000 -1.56000 0.16357E+01 0.000917884 0.000931653 0.000931653 0.010791
2.0 40.00000 -1.56000 0.16432E+01 0.000897924 0.000912919 0.000912919 0.0110961
2.0 40.00000 -1.56000 0.16507E+01 0.000904115 0.000920841 0.000920841 0.0113735
2.0 40.00000 -1.56000 0.16582E+01 0.000889399 0.000907454 0.000907454 0.0118588
2.0 40.00000 -1.56000 0.16656E+01 0.000847803 0.000866454 0.000866454 0.012671
2.0 40.00000 -1.56000 0.16730E+01 0.000823071 0.000842578 0.000842578 0.0133087
2.0 40.00000 -1.56000 0.16803E+01 0.000797268 0.000817519 0.000817519 0.0141068
2.0 40.00000 -1.56000 0.16877E+01 0.000791369 0.000812894 0.000812894 0.0147455
2.0 40.00000 -1.56000 0.16950E+01 0.000782029 0.000804552 0.000804552 0.0158173
2.0 40.00000 -1.82000 0.16594E+01 0.000855514 0.000873138 0.000873138 0.00607429
2.0 40.00000 -1.82000 0.16693E+01 0.000840787 0.000860041 0.000860041 0.00582217
2.0 40.00000 -1.82000 0.16790E+01 0.000821298 0.000841913 0.000841913 0.00560733
2.0 40.00000 -1.82000 0.16888E+01 0.000800231 0.000822157 0.000822157 0.00547017
2.0 40.00000 -1.82000 0.16985E+01 0.000763524 0.000786125 0.000786125 0.00538469
2.0 40.00000 -1.82000 0.17081E+01 0.000749847 0.000773692 0.000773692 0.00529549
2.0 40.00000 -1.82000 0.17177E+01 0.000727262 0.000751916 0.000751916 0.00521877
2.0 40.00000 -1.82000 0.17273E+01 0.000702097 0.000727443 0.000727443 0.00514058
2.0 40.00000 -1.82000 0.17368E+01 0.000681943 0.000708129 0.000708129 0.00519949
2.0 40.00000 -1.82000 0.17462E+01 0.000648422 0.000674812 0.000674812 0.00528559
2.0 40.00000 -1.82000 0.17557E+01 0.000634669 0.00066196 0.00066196 0.00532312
2.0 40.00000 -1.82000 0.17650E+01 0.000615912 0.000643689 0.000643689 0.00541668
2.0 40.00000 -1.82000 0.17744E+01 0.000590885 0.000618775 0.000618775 0.00555927
2.0 40.00000 -1.82000 0.17836E+01 0.000577684 0.000606106 0.000606106 0.00565933
2.0 40.00000 -1.82000 0.17929E+01 0.000550465 0.000578704 0.000578704 0.00572612
2.0 40.00000 -1.82000 0.18021E+01 0.000532084 0.000560657 0.000560657 0.00585479
2.0 40.00000 -1.82000 0.18113E+01 0.000518993 0.00054816 0.00054816 0.00596665
2.0 40.00000 -1.82000 0.18204E+01 0.000504457 0.000534069 0.000534069 0.00604407
2.0 40.00000 -1.82000 0.18294E+01 0.000488427 0.000518318 0.000518318 0.00612768
2.0 40.00000 -1.82000 0.18385E+01 0.000459389 0.00048856 0.00048856 0.00635989
2.0 40.00000 -1.82000 0.18475E+01 0.000452334 0.000482098 0.000482098 0.00642049
2.0 40.00000 -1.82000 0.18564E+01 0.000431013 0.000460408 0.000460408 0.0065694
2.0 40.00000 -1.82000 0.18653E+01 0.000415636 0.000445146 0.000445146 0.00666903
2.0 40.00000 -1.82000 0.18742E+01 0.000406892 0.000437002 0.000437002 0.00676467
2.0 40.00000 -1.82000 0.18830E+01 0.000392947 0.000423204 0.000423204 0.00701358
2.0 40.00000 -1.82000 0.18918E+01 0.000384124 0.000414893 0.000414893 0.00716918
2.0 40.00000 -1.82000 0.19006E+01 0.000369204 0.000399885 0.000399885 0.00744077
2.0 40.00000 -1.82000 0.19093E+01 0.000359746 0.000390649 0.000390649 0.00771143
2.0 40.00000 -1.82000 0.19180E+01 0.000340739 0.000370928 0.000370928 0.00808776
2.0 40.00000 -1.82000 0.19266E+01 0.000330231 0.000360282 0.000360282 0.00846677
2.0 40.00000 -1.82000 0.19352E+01 0.000321784 0.000351838 0.000351838 0.00891783
2.0 40.00000 -1.82000 0.19437E+01 0.000308249 0.000337718 0.000337718 0.00946327
2.0 40.00000 -1.82000 0.19522E+01 0.000292928 0.000321576 0.000321576 0.0101749
2.0 40.00000 -1.82000 0.19607E+01 0.000281645 0.000309894 0.000309894 0.0106937
2.0 40.00000 -1.82000 0.19692E+01 0.000274032 0.000302175 0.000302175 0.0115034
2.0 40.00000 -1.82000 0.19776E+01 0.000259161 0.00028627 0.00028627 0.0125652
2.0 40.00000 -2.13000 0.19422E+01 0.000304597 0.000333625 0.000333625 0.00828374
2.0 40.00000 -2.13000 0.19540E+01 0.000297619 0.000326875 0.000326875 0.00793855
2.0 40.00000 -2.13000 0.19656E+01 0.000276257 0.000304352 0.000304352 0.00783222
2.0 40.00000 -2.13000 0.19772E+01 0.000261341 0.000288651 0.000288651 0.00772964
2.0 40.00000 -2.13000 0.19888E+01 0.000251644 0.000278545 0.000278545 0.00762302
2.0 40.00000 -2.13000 0.20002E+01 0.000233184 0.000258764 0.000258764 0.00760603
2.0 40.00000 -2.13000 0.20116E+01 0.000224307 0.000249609 0.000249609 0.00763526
2.0 40.00000 -2.13000 0.20230E+01 0.000205144 0.000229064 0.000229064 0.00781692
2.0 40.00000 -2.13000 0.20342E+01 0.000199797 0.000223973 0.000223973 0.0078381
2.0 40.00000 -2.13000 0.20454E+01 0.000188067 0.000211688 0.000211688 0.00813067
2.0 40.00000 -2.13000 0.20565E+01 0.000174957 0.000197701 0.000197701 0.00841958
2.0 40.00000 -2.13000 0.20676E+01 0.000163178 0.000184865 0.000184865 0.00877657
2.0 40.00000 -2.13000 0.20786E+01 0.000152664 0.000173181 0.000173181 0.00910097
2.0 40.00000 -2.13000 0.20895E+01 0.000140983 0.000159932 0.000159932 0.00950799
2.0 40.00000 -2.13000 0.21004E+01 0.000131028 0.000148586 0.000148586 0.00978263
2.0 40.00000 -2.13000 0.21112E+01 0.000123205 0.000139715 0.000139715 0.0101828
2.0 40.00000 -2.13000 0.21219E+01 0.000114355 0.00012977 0.00012977 0.0106377
2.0 40.00000 -2.13000 0.21326E+01 0.00010684 0.000121306 0.000121306 0.0109433
2.0 40.00000 -2.13000 0.21432E+01 9.92846e-05 0.000112698 0.000112698 0.0114917
2.0 40.00000 -2.13000 0.21537E+01 9.24187e-05 0.000104766 0.000104766 0.0118701
2.0 40.00000 -2.13000 0.21642E+01 8.41528e-05 9.52526e-05 9.52526e-05 0.0125354
2.0 40.00000 -2.13000 0.21747E+01 7.68098e-05 8.68488e-05 8.68488e-05 0.0131945
2.0 40.00000 -2.13000 0.21850E+01 7.25912e-05 8.2028e-05 8.2028e-05 0.0136314
2.0 40.00000 -2.13000 0.21953E+01 6.80079e-05 7.68217e-05 7.68217e-05 0.0140488
2.0 40.00000 -2.13000 0.22056E+01 6.23215e-05 7.03797e-05 7.03797e-05 0.014853
2.0 40.00000 -2.13000 0.22158E+01 5.8128e-05 6.56498e-05 6.56498e-05 0.0155837
2.0 40.00000 -2.13000 0.22259E+01 5.48116e-05 6.20084e-05 6.20084e-05 0.0162226
2.0 40.00000 -2.13000 0.22360E+01 4.8923e-05 5.54689e-05 5.54689e-05 0.0176567
2.0 40.00000 -2.13000 0.22460E+01 4.70083e-05 5.33215e-05 5.33215e-05 0.018385
2.0 40.00000 -2.13000 0.22559E+01 4.32205e-05 4.89602e-05 4.89602e-05 0.0202763
2.0 40.00000 -2.13000 0.22658E+01 4.04334e-05 4.56776e-05 4.56776e-05 0.0213383
2.0 40.00000 -2.13000 0.22757E+01 3.88606e-05 4.37843e-05 4.37843e-05 0.0227525
2.0 40.00000 -2.13000 0.22855E+01 3.74314e-05 4.21178e-05 4.21178e-05 0.0239817
2.0 40.00000 -2.13000 0.22952E+01 3.41208e-05 3.84336e-05 3.84336e-05 0.0268462
2.0 40.00000 -2.13000 0.23049E+01 3.49333e-05 3.95131e-05 3.95131e-05 0.0274493
2.0 40.00000 -2.13000 0.23145E+01 3.19276e-05 3.63687e-05 3.63687e-05 0.0301656
2.0 40.00000 -2.48000 0.22616E+01 4.31335e-05 4.87926e-05 4.87926e-05 0.0179384
2.0 40.00000 -2.48000 0.22756E+01 3.96281e-05 4.46489e-05 4.46489e-05 0.0175014
2.0 40.00000 -2.48000 0.22896E+01 3.75917e-05 4.22907e-05 4.22907e-05 0.0169362
2.0 40.00000 -2.48000 0.23035E+01 3.39009e-05 3.83114e-05 3.83114e-05 0.0170671
2.0 40.00000 -2.48000 0.23172E+01 3.42483e-05 3.91013e-05 3.91013e-05 0.0163245
2.0 40.00000 -2.48000 0.23308E+01 3.25714e-05 3.77308e-05 3.77308e-05 0.0162429
2.0 40.00000 -2.48000 0.23444E+01 3.07472e-05 3.62694e-05 3.62694e-05 0.0164569
2.0 40.00000 -2.48000 0.23578E+01 2.86235e-05 3.44026e-05 3.44026e-05 0.0168906
2.0 40.00000 -2.48000 0.23711E+01 2.68772e-05 3.28063e-05 3.28063e-05 0.0174021
2.0 40.00000 -2.48000 0.23843E+01 2.34422e-05 2.89347e-05 2.89347e-05 0.0186975
2.0 40.00000 -2.48000 0.23974E+01 2.11786e-05 2.63483e-05 2.63483e-05 0.019442
2.0 40.00000 -2.48000 0.24104E+01 1.79344e-05 2.24341e-05 2.24341e-05 0.0215916
2.0 40.00000 -2.48000 0.24233E+01 1.48638e-05 1.86511e-05 1.86511e-05 0.0238725
2.0 40.00000 -2.48000 0.24361E+01 1.19756e-05 1.50509e-05 1.50509e-05 0.0267946
2.0 40.00000 -2.48000 0.24488E+01 9.89645e-06 1.24458e-05 1.24458e-05 0.0298733
2.0 40.00000 -2.48000 0.24615E+01 8.16915e-06 1.02752e-05 1.02752e-05 0.0331165
2.0 40.00000 -2.48000 0.24740E+01 6.63286e-06 8.34016e-06 8.34016e-06 0.0382774
2.0 40.00000 -2.48000 0.24864E+01 5.1632e-06 6.48705e-06 6.48705e-06 0.0430781
2.0 40.00000 -2.48000 0.24987E+01 4.74654e-06 5.95738e-06 5.95738e-06 0.0458121
2.0 40.00000 -2.48000 0.25110E+01 3.68362e-06 4.61631e-06 4.61631e-06 0.0540784
2.0 40.00000 -2.48000 0.25231E+01 2.92699e-06 3.66079e-06 3.66079e-06 0.0612244
2.0 40.00000 -2.48000 0.25352E+01 2.64505e-06 3.30341e-06 3.30341e-06 0.0640626
2.0 40.00000 -2.48000 0.25471E+01 1.83892e-06 2.29405e-06 2.29405e-06 0.0852457
2.0 40.00000 -2.48000 0.25590E+01 1.73469e-06 2.1616e-06 2.1616e-06 0.0855377
2.0 40.00000 -2.48000 0.25708E+01 1.42815e-06 1.77748e-06 1.77748e-06 0.0980126
2.0 40.00000 -2.48000 0.25825E+01 1.24732e-06 1.5503e-06 1.5503e-06 0.101181
2.0 40.00000 -2.48000 0.25941E+01 1.15676e-06 1.436e-06 1.436e-06 0.104965
2.0 40.00000 -2.48000 0.26057E+01 9.91786e-07 1.22952e-06 1.22952e-06 0.116486
2.0 40.00000 -2.48000 0.26171E+01 7.78088e-07 9.62962e-07 9.62962e-07 0.148347
2.0 40.00000 -2.48000 0.26285E+01 8.03721e-07 9.93159e-07 9.93159e-07 0.138819
2.0 40.00000 -2.48000 0.26398E+01 6.87293e-07 8.48051e-07 8.48051e-07 0.155797
2.0 40.00000 -2.48000 0.26510E+01 7.60241e-07 9.36617e-07 9.36617e-07 0.147293
2.0 40.00000 -2.48000 0.26621E+01 6.72944e-07 8.28125e-07 8.28125e-07 0.164212
2.0 40.00000 -2.48000 0.26731E+01 2.93402e-07 3.60767e-07 3.60767e-07 0.306505
2.0 40.00000 -2.48000 0.26841E+01 4.81143e-07 5.91084e-07 5.91084e-07 0.232241
2.0 40.00000 -2.48000 0.26950E+01 3.87128e-07 4.75316e-07 4.75316e-07 0.285937
2.0 40.00000 -2.90000 0.26450E+01 6.18548e-07 7.62669e-07 7.62669e-07 0.155816
2.0 40.00000 -2.90000 0.26621E+01 5.24281e-07 6.4518e-07 6.4518e-07 0.171617
2.0 40.00000 -2.90000 0.26791E+01 5.85726e-07 7.19857e-07 7.19857e-07 0.140704
2.0 40.00000 -2.90000 0.26960E+01 3.80621e-07 4.67288e-07 4.67288e-07 0.18232
2.0 40.00000 -2.90000 0.27126E+01 3.17413e-07 3.89402e-07 3.89402e-07 0.187638
2.0 40.00000 -2.90000 0.27291E+01 2.52773e-07 3.10026e-07 3.10026e-07 0.198434
2.0 40.00000 -2.90000 0.27453E+01 1.6285e-07 1.9985e-07 1.9985e-07 0.282028
2.0 40.00000 -2.90000 0.27614E+01 1.37832e-07 1.69354e-07 1.69354e-07 0.312524
2.0 40.00000 -2.90000 0.27774E+01 2.15147e-07 2.6476e-07 2.6476e-07 0.201009
2.0 40.00000 -2.90000 0.27931E+01 1.2649e-07 1.55937e-07 1.55937e-07 0.296514
2.0 40.00000 -2.90000 0.28087E+01 9.20195e-08 1.13662e-07 1.13662e-07 0.332166
2.0 40.00000 -2.90000 0.28242E+01 6.62621e-08 8.19927e-08 8.19927e-08 0.497912
2.0 40.00000 -2.90000 0.28395E+01 6.8068e-08 8.43839e-08 8.43839e-08 0.418572
2.0 40.00000 -2.90000 0.28546E+01 6.49926e-08 8.07924e-08 8.07924e-08 0.448509
2.0 40.00000 -2.90000 0.28695E+01 1.65275e-08 2.06164e-08 2.06164e-08 1.34048
2.0 40.00000 -2.90000 0.28843E+01 6.88457e-08 8.61948e-08 8.61948e-08 0.389473
2.0 40.00000 -2.90000 0.28990E+01 4.2503e-08 5.33923e-08 5.33923e-08 0.551104
2.0 40.00000 -2.90000 0.29135E+01 4.44345e-08 5.59652e-08 5.59652e-08 0.493284
2.0 40.00000 -2.90000 0.29279E+01 4.2573e-08 5.37526e-08 5.37526e-08 0.488955
2.0 40.00000 -2.90000 0.29421E+01 1.91172e-08 2.41948e-08 2.41948e-08 0.782434
2.0 40.00000 -2.90000 0.29562E+01 1.66331e-08 2.11007e-08 2.11007e-08 0.767613
2.0 40.00000 -2.90000 0.29701E+01 8.1994e-09 1.0428e-08 1.0428e-08 1.72501
2.0 40.00000 -2.90000 0.29839E+01 2.83145e-08 3.60925e-08 3.60925e-08 0.5
2.0 40.00000 -2.90000 0.29976E+01 1.53645e-08 1.96297e-08 1.96297e-08 1.03861
2.0 40.00000 -2.90000 0.30111E+01 7.23034e-09 9.257e-09 9.257e-09 1
2.0 40.00000 -2.90000 0.30509E+01 1.05884e-08 1.36325e-08 1.36325e-08 1.10514
2.0 40.00000 -2.90000 0.30640E+01 3.15361e-09 4.06847e-09 4.06847e-09 2.97823
2.0 40.00000 -2.90000 0.30896E+01 9.46795e-09 1.22714e-08 1.22714e-08 1
2.0 40.00000 -2.90000 0.31023E+01 2.10778e-08 2.73906e-08 2.73906e-08 0.707106
2.0 40.00000 -2.90000 0.31272E+01 1.33954e-08 1.75118e-08 1.75118e-08 1
2.0 50.00000 -0.86000 0.78401E+00 0.00193089 0.00145742 0.00145742 0.0281642
2.0 50.00000 -0.86000 0.78844E+00 0.00175325 0.00132919 0.00132919 0.0284277
2.0 50.00000 -0.86000 0.79285E+00 0.00186389 0.00141928 0.00141928 0.025956
2.0 50.00000 -0.86000 0.79726E+00 0.00182248 0.00139376 0.00139376 0.0248598
2.0 50.00000 -0.86000 0.80167E+00 0.00175282 0.00134627 0.00134627 0.0245914
2.0 50.00000 -0.86000 0.80606E+00 0.00176738 0.00136325 0.00136325 0.0236705
2.0 50.00000 -0.86000 0.81045E+00 0.00174635 0.00135274 0.00135274 0.0228589
2.0 50.00000 -0.86000 0.81482E+00 0.00176444 0.00137249 0.00137249 0.0219795
2.0 50.00000 -0.86000 0.81920E+00 0.00167264 0.00130635 0.00130635 0.0223742
2.0 50.00000 -0.86000 0.82356E+00 0.00172247 0.00135071 0.00135071 0.0218421
2.0 50.00000 -0.86000 0.82791E+00 0.00165981 0.00130677 0.00130677 0.02223
2.0 50.00000 -0.86000 0.83226E+00 0.00167092 0.00132071 0.00132071 0.022173
2.0 50.00000 -0.86000 0.83660E+00 0.00166447 0.0013208 0.0013208 0.0220836
2.0 50.00000 -0.86000 0.84093E+00 0.00160889 0.0012817 0.0012817 0.0223723
2.0 50.00000 -0.86000 0.84526E+00 0.00164533 0.00131582 0.00131582 0.0219993
2.0 50.00000 -0.86000 0.84958E+00 0.00161329 0.00129502 0.00129502 0.0220607
2.0 50.00000 -0.86000 0.85388E+00 0.00163394 0.00131648 0.00131648 0.0217798
2.0 50.00000 -0.86000 0.85819E+00 0.00156892 0.00126883 0.00126883 0.0222805
2.0 50.00000 -0.86000 0.86248E+00 0.00154259 0.0012522 0.0012522 0.0225214
2.0 50.00000 -0.86000 0.86677E+00 0.00157266 0.00128131 0.00128131 0.0221289
2.0 50.00000 -0.86000 0.87105E+00 0.00149125 0.0012194 0.0012194 0.0227448
2.0 50.00000 -0.86000 0.87532E+00 0.00149695 0.00122849 0.00122849 0.0227281
2.0 50.00000 -0.86000 0.87958E+00 0.0014763 0.00121586 0.00121586 0.0226932
2.0 50.00000 -0.86000 0.88384E+00 0.00142796 0.00118023 0.00118023 0.023112
2.0 50.00000 -0.86000 0.88809E+00 0.0014028 0.00116349 0.00116349 0.0233471
2.0 50.00000 -0.86000 0.89233E+00 0.00133916 0.00111454 0.00111454 0.0242113
2.0 50.00000 -0.86000 0.89657E+00 0.00138771 0.00115888 0.00115888 0.0240638
2.0 50.00000 -0.86000 0.90080E+00 0.00137736 0.00115409 0.00115409 0.0244012
2.0 50.00000 -0.86000 0.90502E+00 0.00138493 0.00116431 0.00116431 0.0249334
2.0 50.00000 -0.86000 0.90923E+00 0.00136121 0.00114817 0.00114817 0.0256763
2.0 50.00000 -0.86000 0.91344E+00 0.00131477 0.00111267 0.00111267 0.027184
2.0 50.00000 -0.86000 0.91763E+00 0.00126128 0.00107075 0.00107075 0.0287347
2.0 50.00000 -0.86000 0.92183E+00 0.00130329 0.00110984 0.00110984 0.0290542
2.0 50.00000 -0.86000 0.92601E+00 0.00130841 0.0011176 0.0011176 0.0304858
2.0 50.00000 -0.86000 0.93019E+00 0.00117994 0.00101089 0.00101089 0.0338446
2.0 50.00000 -0.86000 0.93436E+00 0.00120043 0.00103152 0.00103152 0.0350531
2.0 50.00000 -1.00000 0.91166E+00 0.00127665 0.0010789 0.0010789 0.0207066
2.0 50.00000 -1.00000 0.91683E+00 0.00123438 0.0010473 0.0010473 0.0198735
2.0 50.00000 -1.00000 0.92200E+00 0.00125259 0.00106681 0.00106681 0.0186178
2.0 50.00000 -1.00000 0.92715E+00 0.00121331 0.00103722 0.00103722 0.018013
2.0 50.00000 -1.00000 0.93229E+00 0.00121877 0.00104573 0.00104573 0.0173702
2.0 50.00000 -1.00000 0.93743E+00 0.00117938 0.0010156 0.0010156 0.0171404
2.0 50.00000 -1.00000 0.94255E+00 0.00118016 0.00101989 0.00101989 0.0164841
2.0 50.00000 -1.00000 0.94766E+00 0.00114285 0.000991088 0.000991088 0.0162662
2.0 50.00000 -1.00000 0.95276E+00 0.00107724 0.000937401 0.000937401 0.0165659
2.0 50.00000 -1.00000 0.95785E+00 0.00112571 0.000982836 0.000982836 0.0160111
2.0 50.00000 -1.00000 0.96292E+00 0.00108069 0.000946608 0.000946608 0.0165341
2.0 50.00000 -1.00000 0.96799E+00 0.00115859 0.00101807 0.00101807 0.0156878
2.0 50.00000 -1.00000 0.97305E+00 0.00107742 0.000949703 0.000949703 0.0162283
2.0 50.00000 -1.00000 0.97809E+00 0.00105396 0.000931888 0.000931888 0.0164256
2.0 50.00000 -1.00000 0.98313E+00 0.0010161 0.000901158 0.000901158 0.0166911
2.0 50.00000 -1.00000 0.98815E+00 0.000951784 0.000846593 0.000846593 0.0173642
2.0 50.00000 -1.00000 0.99317E+00 0.0010046 0.000896143 0.000896143 0.0167589
2.0 50.00000 -1.00000 0.99817E+00 0.000966026 0.000864206 0.000864206 0.0171488
2.0 50.00000 -1.00000 0.10032E+01 0.000946 0.000848723 0.000848723 0.0173407
2.0 50.00000 -1.00000 0.10081E+01 0.000908982 0.000817765 0.000817765 0.0176252
2.0 50.00000 -1.00000 0.10131E+01 0.000931736 0.00084051 0.00084051 0.0172528
2.0 50.00000 -1.00000 0.10181E+01 0.000873961 0.000790463 0.000790463 0.0180245
2.0 50.00000 -1.00000 0.10230E+01 0.000896786 0.000813206 0.000813206 0.0175992
2.0 50.00000 -1.00000 0.10280E+01 0.00087567 0.000796098 0.000796098 0.0178945
2.0 50.00000 -1.00000 0.10329E+01 0.000834126 0.000760264 0.000760264 0.0182929
2.0 50.00000 -1.00000 0.10378E+01 0.000861733 0.000787374 0.000787374 0.0181042
2.0 50.00000 -1.00000 0.10427E+01 0.000834392 0.000764253 0.000764253 0.0188497
2.0 50.00000 -1.00000 0.10476E+01 0.000822568 0.000755232 0.000755232 0.0191211
2.0 50.00000 -1.00000 0.10525E+01 0.000809993 0.000745461 0.000745461 0.0198341
2.0 50.00000 -1.00000 0.10574E+01 0.00079615 0.00073444 0.00073444 0.0202378
2.0 50.00000 -1.00000 0.10623E+01 0.000777791 0.000719185 0.000719185 0.0213115
2.0 50.00000 -1.00000 0.10671E+01 0.000738161 0.000684106 0.000684106 0.0228976
2.0 50.00000 -1.00000 0.10720E+01 0.000776623 0.000721366 0.000721366 0.0227503
2.0 50.00000 -1.00000 0.10768E+01 0.000746433 0.000694854 0.000694854 0.0247192
2.0 50.00000 -1.00000 0.10817E+01 0.000740392 0.000690719 0.000690719 0.0258655
2.0 50.00000 -1.00000 0.10865E+01 0.000734659 0.000686825 0.000686825 0.0271385
2.0 50.00000 -1.17000 0.10667E+01 0.000749847 0.000694779 0.000694779 0.0142382
2.0 50.00000 -1.17000 0.10728E+01 0.000758933 0.000705193 0.000705193 0.0133162
2.0 50.00000 -1.17000 0.10789E+01 0.00073299 0.000682956 0.000682956 0.0127437
2.0 50.00000 -1.17000 0.10849E+01 0.000709151 0.000662532 0.000662532 0.01247
2.0 50.00000 -1.17000 0.10910E+01 0.000705473 0.000660831 0.000660831 0.0120092
2.0 50.00000 -1.17000 0.10970E+01 0.000686844 0.000645056 0.000645056 0.0116677
2.0 50.00000 -1.17000 0.11030E+01 0.000676556 0.000637025 0.000637025 0.01142
2.0 50.00000 -1.17000 0.11090E+01 0.000640823 0.000604911 0.000604911 0.0114904
2.0 50.00000 -1.17000 0.11150E+01 0.000636987 0.000602793 0.000602793 0.0114266
2.0 50.00000 -1.17000 0.11210E+01 0.000621838 0.000589869 0.000589869 0.0115466
2.0 50.00000 -1.17000 0.11270E+01 0.00061691 0.000586583 0.000586583 0.0116317
2.0 50.00000 -1.17000 0.11329E+01 0.000604571 0.000576193 0.000576193 0.0116232
2.0 50.00000 -1.17000 0.11389E+01 0.000590235 0.000563828 0.000563828 0.0117211
2.0 50.00000 -1.17000 0.11448E+01 0.000578879 0.000554254 0.000554254 0.0118117
2.0 50.00000 -1.17000 0.11507E+01 0.000552459 0.000530134 0.000530134 0.012089
2.0 50.00000 -1.17000 0.11566E+01 0.000549744 0.000528689 0.000528689 0.0120977
2.0 50.00000 -1.17000 0.11624E+01 0.000534011 0.000514669 0.000514669 0.0122083
2.0 50.00000 -1.17000 0.11683E+01 0.000525061 0.000507125 0.000507125 0.0124305
2.0 50.00000 -1.17000 0.11741E+01 0.000503825 0.000487642 0.000487642 0.0127587
2.0 50.00000 -1.17000 0.11799E+01 0.000491846 0.000477041 0.000477041 0.0127555
2.0 50.00000 -1.17000 0.11858E+01 0.000486743 0.000473071 0.000473071 0.0128507
2.0 50.00000 -1.17000 0.11916E+01 0.000477964 0.000465485 0.000465485 0.0130249
2.0 50.00000 -1.17000 0.11973E+01 0.000464991 0.000453747 0.000453747 0.0132216
2.0 50.00000 -1.17000 0.12031E+01 0.000459196 0.000448961 0.000448961 0.0131995
2.0 50.00000 -1.17000 0.12089E+01 0.000431858 0.000423039 0.000423039 0.0136227
2.0 50.00000 -1.17000 0.12146E+01 0.000438406 0.000430274 0.000430274 0.0136166
2.0 50.00000 -1.17000 0.12203E+01 0.000419017 0.000412028 0.000412028 0.014173
2.0 50.00000 -1.17000 0.12260E+01 0.000406275 0.000400241 0.000400241 0.0145867
2.0 50.00000 -1.17000 0.12317E+01 0.000409178 0.000403806 0.000403806 0.0148062
2.0 50.00000 -1.17000 0.12374E+01 0.000387243 0.000382859 0.000382859 0.0157857
2.0 50.00000 -1.17000 0.12431E+01 0.000382 0.00037839 0.00037839 0.0163477
2.0 50.00000 -1.17000 0.12487E+01 0.000377438 0.000374551 0.000374551 0.0171539
2.0 50.00000 -1.17000 0.12544E+01 0.000371338 0.000369158 0.000369158 0.0178776
2.0 50.00000 -1.17000 0.12600E+01 0.000371265 0.000369717 0.000369717 0.0188932
2.0 50.00000 -1.17000 0.12656E+01 0.000345438 0.000344585 0.000344585 0.0206679
2.0 50.00000 -1.17000 0.12712E+01 0.000336779 0.00033652 0.00033652 0.0220493
2.0 50.00000 -1.36000 0.12399E+01 0.000369925 0.000366044 0.000366044 0.0114229
2.0 50.00000 -1.36000 0.12471E+01 0.000363987 0.000361013 0.000361013 0.0108183
2.0 50.00000 -1.36000 0.12542E+01 0.000366489 0.000364319 0.000364319 0.0102117
2.0 50.00000 -1.36000 0.12613E+01 0.000350539 0.000349221 0.000349221 0.00997656
2.0 50.00000 -1.36000 0.12684E+01 0.000334989 0.000334446 0.000334446 0.00979303
2.0 50.00000 -1.36000 0.12755E+01 0.00033329 0.000333457 0.000333457 0.00948673
2.0 50.00000 -1.36000 0.12825E+01 0.000312939 0.000313753 0.000313753 0.00956355
2.0 50.00000 -1.36000 0.12896E+01 0.000303729 0.000305156 0.000305156 0.00942785
2.0 50.00000 -1.36000 0.12966E+01 0.000289986 0.000291928 0.000291928 0.00959595
2.0 50.00000 -1.36000 0.13035E+01 0.00028829 0.000290856 0.000290856 0.00956192
2.0 50.00000 -1.36000 0.13105E+01 0.00028175 0.000284906 0.000284906 0.00972278
2.0 50.00000 -1.36000 0.13174E+01 0.000273967 0.000277611 0.000277611 0.00989074
2.0 50.00000 -1.36000 0.13243E+01 0.000266026 0.000270123 0.000270123 0.00999372
2.0 50.00000 -1.36000 0.13312E+01 0.000253958 0.000258377 0.000258377 0.0102545
2.0 50.00000 -1.36000 0.13381E+01 0.000245718 0.00025046 0.00025046 0.010475
2.0 50.00000 -1.36000 0.13450E+01 0.000232487 0.000237439 0.000237439 0.0106951
2.0 50.00000 -1.36000 0.13518E+01 0.000223906 0.000229123 0.000229123 0.0108653
2.0 50.00000 -1.36000 0.13586E+01 0.000218372 0.00022394 0.00022394 0.0110255
2.0 50.00000 -1.36000 0.13654E+01 0.00021168 0.000217565 0.000217565 0.0112577
2.0 50.00000 -1.36000 0.13722E+01 0.000200401 0.000206453 0.000206453 0.0116157
2.0 50.00000 -1.36000 0.13789E+01 0.000196025 0.000202357 0.000202357 0.0117202
2.0 50.00000 -1.36000 0.13856E+01 0.00018719 0.000193611 0.000193611 0.0121142
2.0 50.00000 -1.36000 0.13923E+01 0.000182646 0.000189294 0.000189294 0.0122549
2.0 50.00000 -1.36000 0.13990E+01 0.000176676 0.000183495 0.000183495 0.0123484
2.0 50.00000 -1.36000 0.14057E+01 0.000165952 0.000172756 0.000172756 0.0127514
2.0 50.00000 -1.36000 0.14123E+01 0.000165092 0.000172257 0.000172257 0.0127366
2.0 50.00000 -1.36000 0.14189E+01 0.000160085 0.000167433 0.000167433 0.0131749
2.0 50.00000 -1.36000 0.14255E+01 0.000154891 0.000162418 0.000162418 0.0135759
2.0 50.00000 -1.36000 0.14321E+01 0.000147243 0.000154796 0.000154796 0.0142578
2.0 50.00000 -1.36000 0.14387E+01 0.000140149 0.000147717 0.000147717 0.0151012
2.0 50.00000 -1.36000 0.14452E+01 0.000142004 0.000150056 0.000150056 0.015453
2.0 50.00000 -1.36000 0.14518E+01 0.000131422 0.000139255 0.000139255 0.0167345
2.0 50.00000 -1.36000 0.14583E+01 0.000129303 0.000137359 0.000137359 0.0174517
2.0 50.00000 -1.36000 0.14648E+01 0.000122225 0.000130133 0.000130133 0.01906
2.0 50.00000 -1.36000 0.14712E+01 0.000117557 0.00012541 0.00012541 0.0206362
2.0 50.00000 -1.36000 0.14777E+01 0.000115609 0.000123609 0.000123609 0.0216272
2.0 50.00000 -1.59000 0.14497E+01 0.000130275 0.000137922 0.000137922 0.0117183
2.0 50.00000 -1.59000 0.14581E+01 0.000126911 0.000134805 0.000134805 0.0110924
2.0 50.00000 -1.59000 0.14666E+01 0.000120773 0.00012866 0.00012866 0.0108274
2.0 50.00000 -1.59000 0.14750E+01 0.000113997 0.000121761 0.000121761 0.0107424
2.0 50.00000 -1.59000 0.14833E+01 0.000108695 0.000116467 0.000116467 0.0105398
2.0 50.00000 -1.59000 0.14917E+01 0.000101844 0.000109462 0.000109462 0.0105594
2.0 50.00000 -1.59000 0.15000E+01 9.8637e-05 0.000106281 0.000106281 0.0104012
2.0 50.00000 -1.59000 0.15083E+01 9.31417e-05 0.000100593 0.000100593 0.0105093
2.0 50.00000 -1.59000 0.15165E+01 8.56246e-05 9.26886e-05 9.26886e-05 0.0109445
2.0 50.00000 -1.59000 0.15247E+01 8.1839e-05 8.88035e-05 8.88035e-05 0.0112639
2.0 50.00000 -1.59000 0.15329E+01 7.81738e-05 8.50531e-05 8.50531e-05 0.0115463
2.0 50.00000 -1.59000 0.15411E+01 7.50883e-05 8.19738e-05 8.19738e-05 0.0117528
2.0 50.00000 -1.59000 0.15492E+01 6.65933e-05 7.29463e-05 7.29463e-05 0.0125701
2.0 50.00000 -1.59000 0.15573E+01 6.55048e-05 7.19832e-05 7.19832e-05 0.0126513
2.0 50.00000 -1.59000 0.15653E+01 5.95314e-05 6.56215e-05 6.56215e-05 0.0132517
2.0 50.00000 -1.59000 0.15733E+01 5.74387e-05 6.34525e-05 6.34525e-05 0.0134655
2.0 50.00000 -1.59000 0.15813E+01 5.2712e-05 5.831e-05 5.831e-05 0.0141185
2.0 50.00000 -1.59000 0.15893E+01 4.99633e-05 5.52944e-05 5.52944e-05 0.0145906
2.0 50.00000 -1.59000 0.15972E+01 4.68518e-05 5.18462e-05 5.18462e-05 0.0150964
2.0 50.00000 -1.59000 0.16051E+01 4.40236e-05 4.86946e-05 4.86946e-05 0.0155374
2.0 50.00000 -1.59000 0.16130E+01 4.00195e-05 4.42816e-05 4.42816e-05 0.0164076
2.0 50.00000 -1.59000 0.16208E+01 3.91057e-05 4.33096e-05 4.33096e-05 0.0164815
2.0 50.00000 -1.59000 0.16287E+01 3.45646e-05 3.8308e-05 3.8308e-05 0.0176487
2.0 50.00000 -1.59000 0.16364E+01 3.27948e-05 3.63563e-05 3.63563e-05 0.0184342
2.0 50.00000 -1.59000 0.16442E+01 3.05211e-05 3.38021e-05 3.38021e-05 0.0189205
2.0 50.00000 -1.59000 0.16519E+01 2.82854e-05 3.12638e-05 3.12638e-05 0.0195468
2.0 50.00000 -1.59000 0.16596E+01 2.66605e-05 2.94225e-05 2.94225e-05 0.0204936
2.0 50.00000 -1.59000 0.16673E+01 2.47968e-05 2.73434e-05 2.73434e-05 0.0217501
2.0 50.00000 -1.59000 0.16749E+01 2.22376e-05 2.45303e-05 2.45303e-05 0.0236203
2.0 50.00000 -1.59000 0.16825E+01 2.17141e-05 2.40418e-05 2.40418e-05 0.0242885
2.0 50.00000 -1.59000 0.16901E+01 1.98735e-05 2.20675e-05 2.20675e-05 0.0266844
2.0 50.00000 -1.59000 0.16977E+01 1.8661e-05 2.07604e-05 2.07604e-05 0.0289193
2.0 50.00000 -1.59000 0.17052E+01 1.69179e-05 1.88348e-05 1.88348e-05 0.0317872
2.0 50.00000 -1.59000 0.17127E+01 1.5502e-05 1.72553e-05 1.72553e-05 0.0355369
2.0 50.00000 -1.59000 0.17202E+01 1.46762e-05 1.632e-05 1.632e-05 0.0393073
2.0 50.00000 -1.59000 0.17276E+01 1.33216e-05 1.47896e-05 1.47896e-05 0.0435636
2.0 50.00000 -1.86000 0.16959E+01 1.82771e-05 2.03296e-05 2.03296e-05 0.0321497
2.0 50.00000 -1.86000 0.17060E+01 1.59489e-05 1.77559e-05 1.77559e-05 0.0321611
2.0 50.00000 -1.86000 0.17160E+01 1.55629e-05 1.73168e-05 1.73168e-05 0.0311365
2.0 50.00000 -1.86000 0.17260E+01 1.45345e-05 1.61435e-05 1.61435e-05 0.0307799
2.0 50.00000 -1.86000 0.17359E+01 1.32265e-05 1.46523e-05 1.46523e-05 0.030074
2.0 50.00000 -1.86000 0.17458E+01 1.27615e-05 1.41257e-05 1.41257e-05 0.0294984
2.0 50.00000 -1.86000 0.17556E+01 1.17256e-05 1.3033e-05 1.3033e-05 0.0307365
2.0 50.00000 -1.86000 0.17654E+01 1.14962e-05 1.28906e-05 1.28906e-05 0.0303916
2.0 50.00000 -1.86000 0.17751E+01 9.48631e-06 1.07594e-05 1.07594e-05 0.0346828
2.0 50.00000 -1.86000 0.17848E+01 9.73239e-06 1.11786e-05 1.11786e-05 0.0334473
2.0 50.00000 -1.86000 0.17944E+01 9.60544e-06 1.11798e-05 1.11798e-05 0.0336552
2.0 50.00000 -1.86000 0.18040E+01 8.12737e-06 9.58135e-06 9.58135e-06 0.0372556
2.0 50.00000 -1.86000 0.18136E+01 7.70666e-06 9.18171e-06 9.18171e-06 0.0374372
2.0 50.00000 -1.86000 0.18231E+01 6.62338e-06 7.95601e-06 7.95601e-06 0.040593
2.0 50.00000 -1.86000 0.18325E+01 5.72079e-06 6.91243e-06 6.91243e-06 0.0440632
2.0 50.00000 -1.86000 0.18419E+01 5.12901e-06 6.22098e-06 6.22098e-06 0.0474351
2.0 50.00000 -1.86000 0.18513E+01 4.14703e-06 5.04321e-06 5.04321e-06 0.0546111
2.0 50.00000 -1.86000 0.18606E+01 4.14831e-06 5.05347e-06 5.05347e-06 0.0520309
2.0 50.00000 -1.86000 0.18699E+01 3.32652e-06 4.05603e-06 4.05603e-06 0.0588369
2.0 50.00000 -1.86000 0.18791E+01 2.46918e-06 3.01116e-06 3.01116e-06 0.0715317
2.0 50.00000 -1.86000 0.18883E+01 1.94557e-06 2.37224e-06 2.37224e-06 0.0864107
2.0 50.00000 -1.86000 0.18974E+01 1.85001e-06 2.25498e-06 2.25498e-06 0.0845376
2.0 50.00000 -1.86000 0.19065E+01 1.7075e-06 2.07973e-06 2.07973e-06 0.0873423
2.0 50.00000 -1.86000 0.19156E+01 1.36405e-06 1.65991e-06 1.65991e-06 0.100294
2.0 50.00000 -1.86000 0.19246E+01 1.13999e-06 1.38543e-06 1.38543e-06 0.119002
2.0 50.00000 -1.86000 0.19336E+01 1.02581e-06 1.24431e-06 1.24431e-06 0.115263
2.0 50.00000 -1.86000 0.19425E+01 7.95779e-07 9.6329e-07 9.6329e-07 0.131852
2.0 50.00000 -1.86000 0.19514E+01 7.14667e-07 8.63747e-07 8.63747e-07 0.156741
2.0 50.00000 -1.86000 0.19602E+01 7.48874e-07 9.04041e-07 9.04041e-07 0.145054
2.0 50.00000 -1.86000 0.19691E+01 5.79877e-07 6.9939e-07 6.9939e-07 0.176247
2.0 50.00000 -1.86000 0.19778E+01 4.62899e-07 5.57701e-07 5.57701e-07 0.197022
2.0 50.00000 -1.86000 0.19865E+01 4.10618e-07 4.94138e-07 4.94138e-07 0.270136
2.0 50.00000 -1.86000 0.19952E+01 3.60759e-07 4.33596e-07 4.33596e-07 0.266341
2.0 50.00000 -1.86000 0.20039E+01 2.40132e-07 2.88255e-07 2.88255e-07 0.436612
2.0 50.00000 -1.86000 0.20125E+01 3.95917e-07 4.74704e-07 4.74704e-07 0.263223
2.0 50.00000 -1.86000 0.20210E+01 2.68805e-07 3.21975e-07 3.21975e-07 0.381908
2.0 50.00000 -2.17000 0.19787E+01 4.89247e-07 5.89347e-07 5.89347e-07 0.22774
2.0 50.00000 -2.17000 0.19907E+01 5.06054e-07 6.08631e-07 6.08631e-07 0.189176
2.0 50.00000 -2.17000 0.20026E+01 3.57672e-07 4.29421e-07 4.29421e-07 0.191182
2.0 50.00000 -2.17000 0.20145E+01 3.21332e-07 3.85181e-07 3.85181e-07 0.225825
2.0 50.00000 -2.17000 0.20263E+01 2.07972e-07 2.48964e-07 2.48964e-07 0.263971
2.0 50.00000 -2.17000 0.20380E+01 7.00103e-08 8.36763e-08 8.36763e-08 0.754448
2.0 50.00000 -2.17000 0.20496E+01 2.08879e-07 2.49255e-07 2.49255e-07 0.264626
2.0 50.00000 -2.17000 0.20612E+01 1.23238e-07 1.46875e-07 1.46875e-07 0.361336
2.0 50.00000 -2.17000 0.20727E+01 1.70073e-07 2.02404e-07 2.02404e-07 0.26492
2.0 50.00000 -2.17000 0.20841E+01 1.73509e-07 2.06337e-07 2.06337e-07 0.273703
2.0 50.00000 -2.17000 0.20954E+01 1.40953e-07 1.67509e-07 1.67509e-07 0.324531
2.0 50.00000 -2.17000 0.21067E+01 4.32627e-08 5.14047e-08 5.14047e-08 0.805948
2.0 50.00000 -2.17000 0.21179E+01 4.46265e-08 5.30342e-08 5.30342e-08 0.64829
2.0 50.00000 -2.17000 0.21291E+01 6.9128e-08 8.21724e-08 8.21724e-08 0.538283
2.0 50.00000 -2.17000 0.21401E+01 5.13543e-08 6.10757e-08 6.10757e-08 0.545763
2.0 50.00000 -2.17000 0.21511E+01 5.14251e-08 6.12113e-08 6.12113e-08 0.545643
2.0 50.00000 -2.17000 0.21621E+01 3.36507e-08 4.00981e-08 4.00981e-08 0.747727
2.0 50.00000 -2.17000 0.21729E+01 4.36684e-09 5.21095e-09 5.21095e-09 3.70161
2.0 50.00000 -2.17000 0.21837E+01 2.25352e-08 2.6925e-08 2.6925e-08 0.915381
2.0 50.00000 -2.17000 0.21945E+01 6.90598e-08 8.26369e-08 8.26369e-08 0.425947
2.0 50.00000 -2.17000 0.22052E+01 4.11069e-08 4.92667e-08 4.92667e-08 0.596807
2.0 50.00000 -2.17000 0.22263E+01 4.41571e-08 5.30769e-08 5.30769e-08 0.625466
2.0 50.00000 -2.17000 0.22368E+01 4.70537e-08 5.66385e-08 5.66385e-08 0.447223
2.0 50.00000 -2.17000 0.22472E+01 1.16051e-08 1.39934e-08 1.39934e-08 1.29246
2.0 50.00000 -2.17000 0.22576E+01 3.09876e-08 3.74516e-08 3.74516e-08 0.659805
2.0 50.00000 -2.17000 0.22782E+01 1.95073e-08 2.36917e-08 2.36917e-08 0.707113
2.0 50.00000 -2.17000 0.22883E+01 1.0084e-08 1.22762e-08 1.22762e-08 1
2.0 50.00000 -2.17000 0.22985E+01 2.19057e-08 2.67205e-08 2.67205e-08 0.707113
2.0 50.00000 -2.17000 0.23085E+01 2.86108e-09 3.49567e-09 3.49567e-09 5.1682
2.0 50.00000 -2.17000 0.23384E+01 1.5991e-08 1.9621e-08 1.9621e-08 1
