3.0 18.00000 -3.74000 0.34129E+01 0.0662966 0.069746 0.069746 0.00732242
3.0 18.00000 -3.74000 0.34384E+01 0.0655923 0.0692742 0.0692742 0.00706727
3.0 18.00000 -3.74000 0.34634E+01 0.0632706 0.0671007 0.0671007 0.00688872
3.0 18.00000 -3.74000 0.34879E+01 0.0638153 0.0679534 0.0679534 0.00671536
3.0 18.00000 -3.74000 0.35118E+01 0.06167 0.0659467 0.0659467 0.00664699
3.0 18.00000 -3.74000 0.35352E+01 0.0619827 0.066585 0.066585 0.00651681
3.0 18.00000 -3.74000 0.35582E+01 0.0595305 0.0642247 0.0642247 0.0065723
3.0 18.00000 -3.74000 0.35807E+01 0.0594435 0.0643753 0.0643753 0.00644921
3.0 18.00000 -3.74000 0.36027E+01 0.0575048 0.0625169 0.0625169 0.00647574
3.0 18.00000 -3.74000 0.36243E+01 0.0557484 0.060859 0.060859 0.0065801
3.0 18.00000 -3.74000 0.36455E+01 0.054595 0.0597861 0.0597861 0.00665891
3.0 18.00000 -3.74000 0.36663E+01 0.0529077 0.0580755 0.0580755 0.00683959
3.0 18.00000 -3.74000 0.36866E+01 0.0514953 0.0567262 0.0567262 0.00698968
3.0 18.00000 -3.74000 0.37066E+01 0.0501778 0.0554261 0.0554261 0.00713394
3.0 18.00000 -3.74000 0.37262E+01 0.0477553 0.0528798 0.0528798 0.007337
3.0 18.00000 -3.74000 0.37454E+01 0.0467533 0.051919 0.051919 0.00750152
3.0 18.00000 -3.74000 0.37642E+01 0.0452927 0.0504329 0.0504329 0.007695
3.0 18.00000 -3.74000 0.37827E+01 0.0445197 0.0497644 0.0497644 0.00783546
3.0 18.00000 -3.74000 0.38009E+01 0.0433522 0.0486031 0.0486031 0.00800268
3.0 18.00000 -3.74000 0.38187E+01 0.042334 0.0476272 0.0476272 0.00821694
3.0 18.00000 -3.74000 0.38363E+01 0.0413981 0.0467148 0.0467148 0.00837665
3.0 18.00000 -3.74000 0.38535E+01 0.0395591 0.0447736 0.0447736 0.00869153
3.0 18.00000 -3.74000 0.38704E+01 0.0387766 0.0440138 0.0440138 0.00894189
3.0 18.00000 -3.74000 0.38870E+01 0.0374292 0.0425748 0.0425748 0.0093487
3.0 18.00000 -3.74000 0.39033E+01 0.0364106 0.0414777 0.0414777 0.00971144
3.0 18.00000 -3.74000 0.39193E+01 0.0339176 0.0386824 0.0386824 0.0103837
3.0 18.00000 -3.74000 0.39351E+01 0.033362 0.0380926 0.0380926 0.0107849
3.0 18.00000 -3.74000 0.39506E+01 0.0321187 0.0367024 0.0367024 0.0112768
3.0 18.00000 -3.74000 0.39658E+01 0.0310629 0.0355018 0.0355018 0.0119501
3.0 18.00000 -3.74000 0.39808E+01 0.029232 0.0334122 0.0334122 0.0126693
3.0 18.00000 -3.74000 0.39955E+01 0.0291213 0.0332939 0.0332939 0.013206
3.0 18.00000 -3.74000 0.40100E+01 0.0279441 0.0319625 0.0319625 0.014002
3.0 18.00000 -3.74000 0.40243E+01 0.027957 0.0319856 0.0319856 0.014718
3.0 18.00000 -3.74000 0.40383E+01 0.0261762 0.0299642 0.0299642 0.0159901
3.0 18.00000 -3.74000 0.40521E+01 0.0255933 0.0293171 0.0293171 0.0169547
3.0 18.00000 -3.74000 0.40657E+01 0.0257978 0.0295717 0.0295717 0.0178656
3.0 18.00000 -4.37000 0.39918E+01 0.0280135 0.0320246 0.0320246 0.00519445
3.0 18.00000 -4.37000 0.40291E+01 0.0261441 0.0299196 0.0299196 0.00508619
3.0 18.00000 -4.37000 0.40648E+01 0.0239342 0.0274358 0.0274358 0.00506614
3.0 18.00000 -4.37000 0.40990E+01 0.0220947 0.0254002 0.0254002 0.00511634
3.0 18.00000 -4.37000 0.41319E+01 0.0207077 0.0238892 0.0238892 0.00521372
3.0 18.00000 -4.37000 0.41635E+01 0.0194184 0.0224518 0.0224518 0.00535264
3.0 18.00000 -4.37000 0.41940E+01 0.0182299 0.021084 0.021084 0.00562661
3.0 18.00000 -4.37000 0.42233E+01 0.0168832 0.0193994 0.0193994 0.00591564
3.0 18.00000 -4.37000 0.42515E+01 0.0157044 0.0179045 0.0179045 0.00624968
3.0 18.00000 -4.37000 0.42787E+01 0.0147339 0.0167051 0.0167051 0.0065128
3.0 18.00000 -4.37000 0.43049E+01 0.0142788 0.0161951 0.0161951 0.00664444
3.0 18.00000 -4.37000 0.43303E+01 0.0141931 0.016254 0.016254 0.0067185
3.0 18.00000 -4.37000 0.43548E+01 0.0143712 0.0167829 0.0167829 0.00670146
3.0 18.00000 -4.37000 0.43784E+01 0.0144044 0.0172419 0.0172419 0.00679765
3.0 18.00000 -4.37000 0.44013E+01 0.0146808 0.0180459 0.0180459 0.00678037
3.0 18.00000 -4.37000 0.44234E+01 0.0139256 0.0175363 0.0175363 0.00702603
3.0 18.00000 -4.37000 0.44448E+01 0.0133197 0.01711 0.01711 0.00736989
3.0 18.00000 -4.37000 0.44656E+01 0.0116523 0.01519 0.01519 0.00794064
3.0 18.00000 -4.37000 0.44857E+01 0.0101641 0.0133979 0.0133979 0.00865246
3.0 18.00000 -4.37000 0.45052E+01 0.00858281 0.0114105 0.0114105 0.00957939
3.0 18.00000 -4.37000 0.45241E+01 0.00710048 0.00950398 0.00950398 0.0107828
3.0 18.00000 -4.37000 0.45425E+01 0.00571968 0.00769599 0.00769599 0.0123519
3.0 18.00000 -4.37000 0.45603E+01 0.00477979 0.00645727 0.00645727 0.0138921
3.0 18.00000 -4.37000 0.45776E+01 0.00378087 0.00513083 0.00513083 0.0159572
3.0 18.00000 -4.37000 0.45944E+01 0.00304266 0.00414087 0.00414087 0.0181964
3.0 18.00000 -4.37000 0.46108E+01 0.0024922 0.00339743 0.00339743 0.0207951
3.0 18.00000 -4.37000 0.46267E+01 0.00202975 0.00276829 0.00276829 0.0244263
3.0 18.00000 -4.37000 0.46421E+01 0.00178275 0.00242981 0.00242981 0.0273898
3.0 18.00000 -4.37000 0.46572E+01 0.00144482 0.00196603 0.00196603 0.0324652
3.0 18.00000 -4.37000 0.46718E+01 0.00106721 0.00144884 0.00144884 0.0406068
3.0 18.00000 -4.37000 0.46861E+01 0.000945674 0.00128035 0.00128035 0.0462025
3.0 18.00000 -4.37000 0.47000E+01 0.0008686 0.0011728 0.0011728 0.0507597
3.0 18.00000 -4.37000 0.47136E+01 0.000740499 0.000997503 0.000997503 0.0586876
3.0 18.00000 -4.37000 0.47268E+01 0.000633092 0.000851122 0.000851122 0.0680589
3.0 18.00000 -4.37000 0.47397E+01 0.00051021 0.000684964 0.000684964 0.0824904
3.0 18.00000 -4.37000 0.47522E+01 0.00044448 0.000596126 0.000596126 0.0969815
3.0 18.00000 -5.10000 0.46555E+01 0.00129707 0.00176537 0.00176537 0.0030119
3.0 18.00000 -5.10000 0.46921E+01 0.000819376 0.00110801 0.00110801 0.00371028
3.0 18.00000 -5.10000 0.47263E+01 0.000526846 0.000708339 0.000708339 0.0046139
3.0 18.00000 -5.10000 0.47585E+01 0.000353515 0.000473901 0.000473901 0.00562424
3.0 18.00000 -5.10000 0.47887E+01 0.000248546 0.000332795 0.000332795 0.00696165
3.0 18.00000 -5.10000 0.48171E+01 0.000180722 0.000241938 0.000241938 0.00836305
3.0 18.00000 -5.10000 0.48440E+01 0.000130842 0.000175302 0.000175302 0.0102601
3.0 18.00000 -5.10000 0.48694E+01 0.000101569 0.000136379 0.000136379 0.0118959
3.0 18.00000 -5.10000 0.48934E+01 7.66745e-05 0.000103173 0.000103173 0.0141237
3.0 18.00000 -5.10000 0.49161E+01 6.00826e-05 8.11001e-05 8.11001e-05 0.0164685
3.0 18.00000 -5.10000 0.49377E+01 4.82906e-05 6.5474e-05 6.5474e-05 0.0185943
3.0 18.00000 -5.10000 0.49582E+01 3.60628e-05 4.92064e-05 4.92064e-05 0.0224017
3.0 18.00000 -5.10000 0.49778E+01 2.80458e-05 3.86166e-05 3.86166e-05 0.0257496
3.0 18.00000 -5.10000 0.49964E+01 2.29148e-05 3.1991e-05 3.1991e-05 0.0290615
3.0 18.00000 -5.10000 0.50142E+01 1.71345e-05 2.43862e-05 2.43862e-05 0.03412
3.0 18.00000 -5.10000 0.50311E+01 1.24678e-05 1.78489e-05 1.78489e-05 0.0427275
3.0 18.00000 -5.10000 0.50473E+01 8.29397e-06 1.19427e-05 1.19427e-05 0.0565847
3.0 18.00000 -5.10000 0.50628E+01 6.94024e-06 1.0053e-05 1.0053e-05 0.0595805
3.0 18.00000 -5.10000 0.50777E+01 4.36437e-06 6.35951e-06 6.35951e-06 0.0848368
3.0 18.00000 -5.10000 0.50919E+01 3.26575e-06 4.78738e-06 4.78738e-06 0.098355
3.0 18.00000 -5.10000 0.51056E+01 2.54367e-06 3.7516e-06 3.7516e-06 0.118008
3.0 18.00000 -5.10000 0.51187E+01 1.54721e-06 2.29595e-06 2.29595e-06 0.16627
3.0 18.00000 -5.10000 0.51313E+01 1.52288e-06 2.27417e-06 2.27417e-06 0.154752
3.0 18.00000 -5.10000 0.51434E+01 9.29703e-07 1.39744e-06 1.39744e-06 0.218529
3.0 18.00000 -5.10000 0.51551E+01 7.39092e-07 1.1185e-06 1.1185e-06 0.251048
3.0 18.00000 -5.10000 0.51663E+01 6.1245e-07 9.33334e-07 9.33334e-07 0.273097
3.0 18.00000 -5.10000 0.51772E+01 2.94744e-07 4.52462e-07 4.52462e-07 0.494485
3.0 18.00000 -5.10000 0.51876E+01 1.38897e-07 2.1486e-07 2.1486e-07 0.896942
3.0 18.00000 -5.10000 0.51977E+01 5.99366e-08 9.3464e-08 9.3464e-08 1.89148
3.0 18.00000 -5.10000 0.52074E+01 1.75919e-07 2.76467e-07 2.76467e-07 0.538467
3.0 18.00000 -5.10000 0.52168E+01 6.93912e-08 1.09375e-07 1.09375e-07 1.14478
3.0 18.00000 -5.10000 0.52259E+01 1.55614e-07 2.30382e-07 2.30382e-07 0.683693
3.0 18.00000 -5.10000 0.52348E+01 1.03361e-05 8.22723e-06 8.22723e-06 0.573102
3.0 22.00000 -3.44000 0.31384E+01 0.0189459 0.0204022 0.0204022 0.00943552
3.0 22.00000 -3.44000 0.31604E+01 0.0187173 0.0202388 0.0202388 0.00911095
3.0 22.00000 -3.44000 0.31821E+01 0.0180623 0.0196044 0.0196044 0.00877761
3.0 22.00000 -3.44000 0.32035E+01 0.0179012 0.0195176 0.0195176 0.00862729
3.0 22.00000 -3.44000 0.32245E+01 0.0173387 0.018979 0.018979 0.00857213
3.0 22.00000 -3.44000 0.32451E+01 0.0164261 0.0180427 0.0180427 0.00855761
3.0 22.00000 -3.44000 0.32654E+01 0.0160061 0.017644 0.017644 0.00851952
3.0 22.00000 -3.44000 0.32854E+01 0.0154008 0.01704 0.01704 0.00851075
3.0 22.00000 -3.44000 0.33051E+01 0.0148254 0.0164527 0.0164527 0.00858858
3.0 22.00000 -3.44000 0.33245E+01 0.014071 0.0156576 0.0156576 0.00876425
3.0 22.00000 -3.44000 0.33435E+01 0.0135806 0.0151651 0.0151651 0.00896324
3.0 22.00000 -3.44000 0.33623E+01 0.0130059 0.0145623 0.0145623 0.00921686
3.0 22.00000 -3.44000 0.33808E+01 0.0129263 0.0145223 0.0145223 0.00931137
3.0 22.00000 -3.44000 0.33990E+01 0.0122609 0.013809 0.013809 0.009582
3.0 22.00000 -3.44000 0.34169E+01 0.0114934 0.0129864 0.0129864 0.00995766
3.0 22.00000 -3.44000 0.34345E+01 0.0111613 0.0126501 0.0126501 0.010218
3.0 22.00000 -3.44000 0.34519E+01 0.0105678 0.0120231 0.0120231 0.0105657
3.0 22.00000 -3.44000 0.34691E+01 0.0102773 0.0117246 0.0117246 0.0108506
3.0 22.00000 -3.44000 0.34859E+01 0.00979813 0.0112036 0.0112036 0.0111641
3.0 22.00000 -3.44000 0.35026E+01 0.00938396 0.0107507 0.0107507 0.0115043
3.0 22.00000 -3.44000 0.35190E+01 0.00902719 0.0103611 0.0103611 0.0117878
3.0 22.00000 -3.44000 0.35351E+01 0.00852525 0.00980034 0.00980034 0.0122334
3.0 22.00000 -3.44000 0.35510E+01 0.00803364 0.00924911 0.00924911 0.0126547
3.0 22.00000 -3.44000 0.35667E+01 0.00773005 0.00890645 0.00890645 0.0132228
3.0 22.00000 -3.44000 0.35822E+01 0.00725117 0.00835904 0.00835904 0.0139958
3.0 22.00000 -3.44000 0.35975E+01 0.00689808 0.00796051 0.00796051 0.01476
3.0 22.00000 -3.44000 0.36125E+01 0.00666877 0.00770257 0.00770257 0.0154553
3.0 22.00000 -3.44000 0.36274E+01 0.00661756 0.00764674 0.00764674 0.0157242
3.0 22.00000 -3.44000 0.36420E+01 0.00615029 0.00710855 0.00710855 0.0171145
3.0 22.00000 -3.44000 0.36565E+01 0.0058107 0.00672129 0.00672129 0.0181038
3.0 22.00000 -3.44000 0.36707E+01 0.00558432 0.00646623 0.00646623 0.0193846
3.0 22.00000 -3.44000 0.36848E+01 0.00519891 0.0060262 0.0060262 0.0208731
3.0 22.00000 -3.44000 0.36986E+01 0.00505141 0.00585726 0.00585726 0.0221866
3.0 22.00000 -3.44000 0.37123E+01 0.00509492 0.00590744 0.00590744 0.0231618
3.0 22.00000 -3.44000 0.37258E+01 0.00471478 0.00546282 0.00546282 0.0253816
3.0 22.00000 -3.44000 0.37392E+01 0.00446394 0.00516809 0.00516809 0.0272202
3.0 22.00000 -4.02000 0.36696E+01 0.00540299 0.00625572 0.00625572 0.00566449
3.0 22.00000 -4.02000 0.36993E+01 0.00508492 0.00589611 0.00589611 0.00554293
3.0 22.00000 -4.02000 0.37281E+01 0.00466417 0.00540371 0.00540371 0.0055531
3.0 22.00000 -4.02000 0.37562E+01 0.00420478 0.00486173 0.00486173 0.00563281
3.0 22.00000 -4.02000 0.37834E+01 0.00390813 0.0045025 0.0045025 0.0057399
3.0 22.00000 -4.02000 0.38100E+01 0.00358589 0.00411775 0.00411775 0.00582742
3.0 22.00000 -4.02000 0.38358E+01 0.00335553 0.00384588 0.00384588 0.00599565
3.0 22.00000 -4.02000 0.38610E+01 0.00326044 0.00374449 0.00374449 0.00613243
3.0 22.00000 -4.02000 0.38856E+01 0.00309981 0.00358868 0.00358868 0.00633558
3.0 22.00000 -4.02000 0.39095E+01 0.00299081 0.00351223 0.00351223 0.00646645
3.0 22.00000 -4.02000 0.39328E+01 0.00287869 0.00344128 0.00344128 0.006621
3.0 22.00000 -4.02000 0.39555E+01 0.00278462 0.00339589 0.00339589 0.00677065
3.0 22.00000 -4.02000 0.39777E+01 0.00254355 0.00316223 0.00316223 0.00710574
3.0 22.00000 -4.02000 0.39993E+01 0.0023824 0.00301089 0.00301089 0.00743332
3.0 22.00000 -4.02000 0.40204E+01 0.00213365 0.00273067 0.00273067 0.00792462
3.0 22.00000 -4.02000 0.40410E+01 0.00186227 0.00240703 0.00240703 0.00863998
3.0 22.00000 -4.02000 0.40612E+01 0.00156209 0.00203515 0.00203515 0.00953109
3.0 22.00000 -4.02000 0.40808E+01 0.00129465 0.00169737 0.00169737 0.0107099
3.0 22.00000 -4.02000 0.41001E+01 0.00107765 0.00142003 0.00142003 0.01195
3.0 22.00000 -4.02000 0.41189E+01 0.000870542 0.00115135 0.00115135 0.0135821
3.0 22.00000 -4.02000 0.41372E+01 0.000728378 0.000965305 0.000965305 0.0150879
3.0 22.00000 -4.02000 0.41552E+01 0.000581281 0.000773671 0.000773671 0.0172983
3.0 22.00000 -4.02000 0.41728E+01 0.000462022 0.000616378 0.000616378 0.0197043
3.0 22.00000 -4.02000 0.41900E+01 0.000419438 0.00056013 0.00056013 0.0210167
3.0 22.00000 -4.02000 0.42068E+01 0.000327008 0.000436696 0.000436696 0.0247216
3.0 22.00000 -4.02000 0.42233E+01 0.000270365 0.000360763 0.000360763 0.0275211
3.0 22.00000 -4.02000 0.42394E+01 0.000211019 0.000281079 0.000281079 0.0327955
3.0 22.00000 -4.02000 0.42552E+01 0.000174652 0.000232129 0.000232129 0.0377303
3.0 22.00000 -4.02000 0.42707E+01 0.000141547 0.000187631 0.000187631 0.0449606
3.0 22.00000 -4.02000 0.42858E+01 0.000120333 0.000159119 0.000159119 0.0504409
3.0 22.00000 -4.02000 0.43007E+01 0.00011136 0.000146919 0.000146919 0.0552709
3.0 22.00000 -4.02000 0.43152E+01 8.07676e-05 0.000106356 0.000106356 0.0716412
3.0 22.00000 -4.02000 0.43295E+01 7.74094e-05 0.000101822 0.000101822 0.0764886
3.0 22.00000 -4.02000 0.43435E+01 6.43124e-05 8.45477e-05 8.45477e-05 0.0889468
3.0 22.00000 -4.02000 0.43572E+01 5.34938e-05 7.03235e-05 7.03235e-05 0.104954
3.0 22.00000 -4.02000 0.43707E+01 5.051e-05 6.64197e-05 6.64197e-05 0.113189
3.0 22.00000 -4.65300 0.42539E+01 0.000237389 0.000315558 0.000315558 0.00744999
3.0 22.00000 -4.65300 0.42996E+01 0.000142828 0.000188464 0.000188464 0.00918644
3.0 22.00000 -4.65300 0.43427E+01 8.75778e-05 0.000115133 0.000115133 0.0115091
3.0 22.00000 -4.65300 0.43834E+01 5.52049e-05 7.26212e-05 7.26212e-05 0.0147597
3.0 22.00000 -4.65300 0.44217E+01 3.68722e-05 4.85889e-05 4.85889e-05 0.0185361
3.0 22.00000 -4.65300 0.44580E+01 2.59077e-05 3.42105e-05 3.42105e-05 0.0229074
3.0 22.00000 -4.65300 0.44924E+01 1.82126e-05 2.41091e-05 2.41091e-05 0.0278297
3.0 22.00000 -4.65300 0.45251E+01 1.15193e-05 1.53047e-05 1.53047e-05 0.0368494
3.0 22.00000 -4.65300 0.45561E+01 7.9087e-06 1.0545e-05 1.0545e-05 0.0468826
3.0 22.00000 -4.65300 0.45856E+01 6.50599e-06 8.71149e-06 8.71149e-06 0.0487873
3.0 22.00000 -4.65300 0.46136E+01 4.17363e-06 5.61797e-06 5.61797e-06 0.0662217
3.0 22.00000 -4.65300 0.46404E+01 2.73681e-06 3.70812e-06 3.70812e-06 0.0866966
3.0 22.00000 -4.65300 0.46660E+01 2.06193e-06 2.81866e-06 2.81866e-06 0.103492
3.0 22.00000 -4.65300 0.46904E+01 1.34247e-06 1.859e-06 1.859e-06 0.134949
3.0 22.00000 -4.65300 0.47138E+01 9.63864e-07 1.36142e-06 1.36142e-06 0.162332
3.0 22.00000 -4.65300 0.47362E+01 7.19628e-07 1.0233e-06 1.0233e-06 0.17539
3.0 22.00000 -4.65300 0.47576E+01 3.68291e-07 5.27142e-07 5.27142e-07 0.303982
3.0 22.00000 -4.65300 0.47782E+01 3.62211e-07 5.21911e-07 5.21911e-07 0.293215
3.0 22.00000 -4.65300 0.47979E+01 2.48999e-07 3.61147e-07 3.61147e-07 0.342245
3.0 22.00000 -4.65300 0.48169E+01 1.78018e-07 2.59914e-07 2.59914e-07 0.475083
3.0 22.00000 -4.65300 0.48351E+01 1.01538e-07 1.4923e-07 1.4923e-07 0.683396
3.0 22.00000 -4.65300 0.48527E+01 3.1372e-08 4.64182e-08 4.64182e-08 2.07214
3.0 22.00000 -4.65300 0.48696E+01 1.16696e-07 1.73823e-07 1.73823e-07 0.376767
3.0 22.00000 -4.65300 0.48859E+01 3.49565e-08 5.24302e-08 5.24302e-08 1.25156
3.0 22.00000 -4.65300 0.49016E+01 3.43647e-08 5.19105e-08 5.19105e-08 1.02585
3.0 22.00000 -4.65300 0.49167E+01 1.13299e-08 1.72406e-08 1.72406e-08 2.33936
3.0 22.00000 -4.65300 0.49592E+01 2.23272e-08 3.48085e-08 3.48085e-08 0.871019
3.0 22.00000 -4.65300 0.49724E+01 2.95318e-08 4.6451e-08 4.6451e-08 0.752101
3.0 26.00000 -3.17000 0.28916E+01 0.00574431 0.00632419 0.00632419 0.0103135
3.0 26.00000 -3.17000 0.29110E+01 0.00555442 0.00614078 0.00614078 0.0100944
3.0 26.00000 -3.17000 0.29302E+01 0.00536126 0.00594672 0.00594672 0.0097823
3.0 26.00000 -3.17000 0.29492E+01 0.00510257 0.00567604 0.00567604 0.0096319
3.0 26.00000 -3.17000 0.29679E+01 0.00494761 0.00552404 0.00552404 0.00956885
3.0 26.00000 -3.17000 0.29863E+01 0.00476296 0.00533505 0.00533505 0.00947603
3.0 26.00000 -3.17000 0.30045E+01 0.00436662 0.00490768 0.00490768 0.00966983
3.0 26.00000 -3.17000 0.30225E+01 0.00424598 0.00478628 0.00478628 0.00961582
3.0 26.00000 -3.17000 0.30403E+01 0.00403072 0.00455695 0.00455695 0.00978007
3.0 26.00000 -3.17000 0.30578E+01 0.00386666 0.00438504 0.00438504 0.00997045
3.0 26.00000 -3.17000 0.30751E+01 0.00370115 0.00421112 0.00421112 0.0103327
3.0 26.00000 -3.17000 0.30921E+01 0.00350039 0.00399651 0.00399651 0.010622
3.0 26.00000 -3.17000 0.31090E+01 0.00328562 0.00376043 0.00376043 0.0110395
3.0 26.00000 -3.17000 0.31256E+01 0.00308262 0.0035352 0.0035352 0.0114229
3.0 26.00000 -3.17000 0.31421E+01 0.00291346 0.003348 0.003348 0.0118295
3.0 26.00000 -3.17000 0.31583E+01 0.0027444 0.00315923 0.00315923 0.0122443
3.0 26.00000 -3.17000 0.31743E+01 0.0025525 0.00294341 0.00294341 0.0128488
3.0 26.00000 -3.17000 0.31901E+01 0.00242089 0.00279608 0.00279608 0.0131762
3.0 26.00000 -3.17000 0.32058E+01 0.00227687 0.00263229 0.00263229 0.0137005
3.0 26.00000 -3.17000 0.32212E+01 0.00218756 0.0025317 0.0025317 0.0140613
3.0 26.00000 -3.17000 0.32365E+01 0.00206764 0.00239623 0.00239623 0.0145722
3.0 26.00000 -3.17000 0.32516E+01 0.00192499 0.00223248 0.00223248 0.0151612
3.0 26.00000 -3.17000 0.32665E+01 0.0018028 0.00209042 0.00209042 0.0157326
3.0 26.00000 -3.17000 0.32812E+01 0.00176045 0.00204024 0.00204024 0.0161113
3.0 26.00000 -3.17000 0.32958E+01 0.0016028 0.00185693 0.00185693 0.0173287
3.0 26.00000 -3.17000 0.33102E+01 0.00152122 0.00176117 0.00176117 0.0181041
3.0 26.00000 -3.17000 0.33244E+01 0.00143479 0.00165993 0.00165993 0.0191644
3.0 26.00000 -3.17000 0.33385E+01 0.00137265 0.00158697 0.00158697 0.0200955
3.0 26.00000 -3.17000 0.33524E+01 0.00132094 0.00152555 0.00152555 0.0213438
3.0 26.00000 -3.17000 0.33661E+01 0.00125933 0.00145355 0.00145355 0.0224224
3.0 26.00000 -3.17000 0.33797E+01 0.00120532 0.00138948 0.00138948 0.0237341
3.0 26.00000 -3.17000 0.33931E+01 0.00114237 0.00131566 0.00131566 0.0255609
3.0 26.00000 -3.17000 0.34064E+01 0.00111747 0.00128629 0.00128629 0.0270579
3.0 26.00000 -3.17000 0.34195E+01 0.00099039 0.00114045 0.00114045 0.0302385
3.0 26.00000 -3.17000 0.34325E+01 0.000894449 0.00103154 0.00103154 0.0336412
3.0 26.00000 -3.17000 0.34454E+01 0.000949231 0.00109778 0.00109778 0.0340436
3.0 26.00000 -3.70000 0.33763E+01 0.00113961 0.0013142 0.0013142 0.00718059
3.0 26.00000 -3.70000 0.34013E+01 0.00106621 0.0012274 0.0012274 0.00696428
3.0 26.00000 -3.70000 0.34258E+01 0.000999719 0.00115175 0.00115175 0.00678181
3.0 26.00000 -3.70000 0.34498E+01 0.000917739 0.00106245 0.00106245 0.00683037
3.0 26.00000 -3.70000 0.34733E+01 0.000856122 0.00099895 0.00099895 0.00683922
3.0 26.00000 -3.70000 0.34963E+01 0.000815443 0.000963815 0.000963815 0.00682524
3.0 26.00000 -3.70000 0.35189E+01 0.00077242 0.000927087 0.000927087 0.00683799
3.0 26.00000 -3.70000 0.35411E+01 0.00072276 0.000881679 0.000881679 0.00706829
3.0 26.00000 -3.70000 0.35628E+01 0.000658704 0.000816005 0.000816005 0.00749508
3.0 26.00000 -3.70000 0.35841E+01 0.000592504 0.000743059 0.000743059 0.00789044
3.0 26.00000 -3.70000 0.36049E+01 0.000522912 0.000662451 0.000662451 0.00854368
3.0 26.00000 -3.70000 0.36254E+01 0.000428201 0.000546813 0.000546813 0.00957188
3.0 26.00000 -3.70000 0.36455E+01 0.000368494 0.000473701 0.000473701 0.0105314
3.0 26.00000 -3.70000 0.36653E+01 0.000304579 0.000393646 0.000393646 0.0117741
3.0 26.00000 -3.70000 0.36846E+01 0.000245897 0.000319199 0.000319199 0.0137455
3.0 26.00000 -3.70000 0.37036E+01 0.000207694 0.000270294 0.000270294 0.0149826
3.0 26.00000 -3.70000 0.37223E+01 0.000164294 0.000213841 0.000213841 0.017405
3.0 26.00000 -3.70000 0.37406E+01 0.000138627 0.000181024 0.000181024 0.0189047
3.0 26.00000 -3.70000 0.37586E+01 0.000117632 0.00015404 0.00015404 0.0212938
3.0 26.00000 -3.70000 0.37763E+01 9.14136e-05 0.000119835 0.000119835 0.0244831
3.0 26.00000 -3.70000 0.37937E+01 7.44728e-05 9.76123e-05 9.76123e-05 0.0286192
3.0 26.00000 -3.70000 0.38108E+01 6.0952e-05 7.98107e-05 7.98107e-05 0.0332679
3.0 26.00000 -3.70000 0.38276E+01 5.42223e-05 7.08842e-05 7.08842e-05 0.0336813
3.0 26.00000 -3.70000 0.38440E+01 4.13361e-05 5.39192e-05 5.39192e-05 0.0415105
3.0 26.00000 -3.70000 0.38603E+01 3.62978e-05 4.72329e-05 4.72329e-05 0.0423823
3.0 26.00000 -3.70000 0.38762E+01 3.26523e-05 4.23835e-05 4.23835e-05 0.0445955
3.0 26.00000 -3.70000 0.38919E+01 2.53009e-05 3.27711e-05 3.27711e-05 0.0571181
3.0 26.00000 -3.70000 0.39073E+01 2.11111e-05 2.73033e-05 2.73033e-05 0.0619925
3.0 26.00000 -3.70000 0.39225E+01 1.7576e-05 2.27051e-05 2.27051e-05 0.0743982
3.0 26.00000 -3.70000 0.39374E+01 1.89432e-05 2.44568e-05 2.44568e-05 0.0671319
3.0 26.00000 -3.70000 0.39521E+01 1.42198e-05 1.83582e-05 1.83582e-05 0.0872056
3.0 26.00000 -3.70000 0.39666E+01 1.08507e-05 1.40166e-05 1.40166e-05 0.113082
3.0 26.00000 -3.70000 0.39808E+01 8.86897e-06 1.14642e-05 1.14642e-05 0.13359
3.0 26.00000 -3.70000 0.39948E+01 9.20291e-06 1.191e-05 1.191e-05 0.139639
3.0 26.00000 -3.70000 0.40086E+01 6.38744e-06 8.27402e-06 8.27402e-06 0.187503
3.0 26.00000 -3.70000 0.40222E+01 6.01808e-06 7.80265e-06 7.80265e-06 0.197268
3.0 26.00000 -4.32000 0.39457E+01 1.42434e-05 1.83873e-05 1.83873e-05 0.0378477
3.0 26.00000 -4.32000 0.39815E+01 9.67189e-06 1.2503e-05 1.2503e-05 0.0432496
3.0 26.00000 -4.32000 0.40160E+01 6.54038e-06 8.47589e-06 8.47589e-06 0.0513479
3.0 26.00000 -4.32000 0.40492E+01 4.79903e-06 6.23563e-06 6.23563e-06 0.0588861
3.0 26.00000 -4.32000 0.40812E+01 3.46034e-06 4.50768e-06 4.50768e-06 0.0700905
3.0 26.00000 -4.32000 0.41120E+01 2.66255e-06 3.47768e-06 3.47768e-06 0.0795348
3.0 26.00000 -4.32000 0.41417E+01 1.6782e-06 2.19834e-06 2.19834e-06 0.110595
3.0 26.00000 -4.32000 0.41703E+01 1.23863e-06 1.62842e-06 1.62842e-06 0.1297
3.0 26.00000 -4.32000 0.41980E+01 1.01211e-06 1.33532e-06 1.33532e-06 0.135076
3.0 26.00000 -4.32000 0.42247E+01 6.94953e-07 9.2019e-07 9.2019e-07 0.176194
3.0 26.00000 -4.32000 0.42505E+01 4.65658e-07 6.19077e-07 6.19077e-07 0.228504
3.0 26.00000 -4.32000 0.42754E+01 5.67633e-07 7.57978e-07 7.57978e-07 0.163871
3.0 26.00000 -4.32000 0.42996E+01 3.99081e-07 5.35661e-07 5.35661e-07 0.208894
3.0 26.00000 -4.32000 0.43230E+01 2.52026e-07 3.4024e-07 3.4024e-07 0.298598
3.0 26.00000 -4.32000 0.43456E+01 8.6324e-08 1.1737e-07 1.1737e-07 0.713097
3.0 26.00000 -4.32000 0.43676E+01 1.33861e-07 1.83657e-07 1.83657e-07 0.466771
3.0 26.00000 -4.32000 0.43888E+01 1.15333e-07 1.60288e-07 1.60288e-07 0.516345
3.0 26.00000 -4.32000 0.44095E+01 1.60279e-08 2.25369e-08 2.25369e-08 2.93808
3.0 26.00000 -4.32000 0.44490E+01 3.38634e-08 4.81299e-08 4.81299e-08 0.956009
3.0 26.00000 -4.32000 0.45041E+01 3.79774e-08 5.48423e-08 5.48423e-08 0.68055
3.0 26.00000 -4.32000 0.46015E+01 1.39237e-08 2.0751e-08 2.0751e-08 1.47038
3.0 32.00000 -2.29000 0.20882E+01 0.0038073 0.00391558 0.00391558 0.0092834
3.0 32.00000 -2.29000 0.21010E+01 0.00375138 0.00386747 0.00386747 0.00893391
3.0 32.00000 -2.29000 0.21137E+01 0.00363618 0.00375745 0.00375745 0.0087085
3.0 32.00000 -2.29000 0.21263E+01 0.00359625 0.00372447 0.00372447 0.00845446
3.0 32.00000 -2.29000 0.21388E+01 0.00359829 0.00373487 0.00373487 0.00823435
3.0 32.00000 -2.29000 0.21513E+01 0.00341411 0.00355227 0.00355227 0.00814952
3.0 32.00000 -2.29000 0.21636E+01 0.00329976 0.00344122 0.00344122 0.00805917
3.0 32.00000 -2.29000 0.21759E+01 0.00324374 0.0033906 0.0033906 0.0079666
3.0 32.00000 -2.29000 0.21881E+01 0.00318567 0.00333755 0.00333755 0.0079407
3.0 32.00000 -2.29000 0.22002E+01 0.00302341 0.00317423 0.00317423 0.00799477
3.0 32.00000 -2.29000 0.22122E+01 0.00303717 0.00319536 0.00319536 0.00793958
3.0 32.00000 -2.29000 0.22241E+01 0.00295453 0.00311493 0.00311493 0.00811698
3.0 32.00000 -2.29000 0.22360E+01 0.00284527 0.00300658 0.00300658 0.00827467
3.0 32.00000 -2.29000 0.22478E+01 0.00278941 0.00295482 0.00295482 0.00836672
3.0 32.00000 -2.29000 0.22595E+01 0.00265549 0.00281988 0.00281988 0.00853955
3.0 32.00000 -2.29000 0.22711E+01 0.00260906 0.00277713 0.00277713 0.00869446
3.0 32.00000 -2.29000 0.22827E+01 0.00252718 0.0026958 0.0026958 0.00884731
3.0 32.00000 -2.29000 0.22941E+01 0.00248699 0.00265841 0.00265841 0.00893406
3.0 32.00000 -2.29000 0.23055E+01 0.00241555 0.00258761 0.00258761 0.00903
3.0 32.00000 -2.29000 0.23168E+01 0.00232152 0.00249293 0.00249293 0.00931539
3.0 32.00000 -2.29000 0.23281E+01 0.00225502 0.00242759 0.00242759 0.00942175
3.0 32.00000 -2.29000 0.23393E+01 0.00222049 0.00239736 0.00239736 0.00955597
3.0 32.00000 -2.29000 0.23504E+01 0.00214133 0.00231726 0.00231726 0.00976116
3.0 32.00000 -2.29000 0.23614E+01 0.00206334 0.00223764 0.00223764 0.0100101
3.0 32.00000 -2.29000 0.23724E+01 0.00201418 0.00218877 0.00218877 0.0104799
3.0 32.00000 -2.29000 0.23833E+01 0.00199224 0.00217031 0.00217031 0.0106081
3.0 32.00000 -2.29000 0.23941E+01 0.00185944 0.00203084 0.00203084 0.0112032
3.0 32.00000 -2.29000 0.24048E+01 0.00186289 0.00204025 0.00204025 0.0115304
3.0 32.00000 -2.29000 0.24155E+01 0.00178849 0.00196344 0.00196344 0.011968
3.0 32.00000 -2.29000 0.24261E+01 0.00170962 0.00188044 0.00188044 0.0128572
3.0 32.00000 -2.29000 0.24367E+01 0.0016652 0.00183612 0.00183612 0.0133443
3.0 32.00000 -2.29000 0.24472E+01 0.00162076 0.00179035 0.00179035 0.0139943
3.0 32.00000 -2.29000 0.24576E+01 0.00158849 0.00175822 0.00175822 0.0147149
3.0 32.00000 -2.29000 0.24679E+01 0.00152143 0.00168718 0.00168718 0.0156115
3.0 32.00000 -2.29000 0.24782E+01 0.00145625 0.00161811 0.00161811 0.0168884
3.0 32.00000 -2.29000 0.24884E+01 0.00150104 0.0016718 0.0016718 0.0174254
3.0 32.00000 -2.67000 0.24350E+01 0.00162677 0.00179309 0.00179309 0.0168169
3.0 32.00000 -2.67000 0.24504E+01 0.00155772 0.0017218 0.0017218 0.0164201
3.0 32.00000 -2.67000 0.24657E+01 0.00147324 0.001633 0.001633 0.0161941
3.0 32.00000 -2.67000 0.24808E+01 0.00141274 0.00157076 0.00157076 0.0157477
3.0 32.00000 -2.67000 0.24959E+01 0.00140619 0.00156914 0.00156914 0.0153377
3.0 32.00000 -2.67000 0.25107E+01 0.00128534 0.0014388 0.0014388 0.0156036
3.0 32.00000 -2.67000 0.25255E+01 0.00119991 0.0013468 0.0013468 0.0158458
3.0 32.00000 -2.67000 0.25401E+01 0.00115128 0.00129544 0.00129544 0.0157048
3.0 32.00000 -2.67000 0.25546E+01 0.00107334 0.00121123 0.00121123 0.0162596
3.0 32.00000 -2.67000 0.25689E+01 0.0010318 0.00116722 0.00116722 0.0165378
3.0 32.00000 -2.67000 0.25831E+01 0.00095701 0.00108636 0.00108636 0.0172342
3.0 32.00000 -2.67000 0.25972E+01 0.000941235 0.00107181 0.00107181 0.0173981
3.0 32.00000 -2.67000 0.26112E+01 0.000888701 0.00101395 0.00101395 0.0179313
3.0 32.00000 -2.67000 0.26250E+01 0.000844871 0.000965811 0.000965811 0.0184578
3.0 32.00000 -2.67000 0.26387E+01 0.000792801 0.000908196 0.000908196 0.0190911
3.0 32.00000 -2.67000 0.26524E+01 0.000722585 0.000829655 0.000829655 0.0200862
3.0 32.00000 -2.67000 0.26658E+01 0.000680888 0.000783605 0.000783605 0.0209698
3.0 32.00000 -2.67000 0.26792E+01 0.000623506 0.000718013 0.000718013 0.0219468
3.0 32.00000 -2.67000 0.26925E+01 0.00062393 0.000718421 0.000718421 0.0220131
3.0 32.00000 -2.67000 0.27056E+01 0.00056713 0.000653133 0.000653133 0.0230693
3.0 32.00000 -2.67000 0.27186E+01 0.000545895 0.000628904 0.000628904 0.0235264
3.0 32.00000 -2.67000 0.27316E+01 0.000501462 0.000577974 0.000577974 0.0246038
3.0 32.00000 -2.67000 0.27444E+01 0.000466815 0.000538047 0.000538047 0.025957
3.0 32.00000 -2.67000 0.27571E+01 0.000418644 0.000482274 0.000482274 0.0277426
3.0 32.00000 -2.67000 0.27697E+01 0.000408059 0.000469829 0.000469829 0.0284345
3.0 32.00000 -2.67000 0.27822E+01 0.000404064 0.000465055 0.000465055 0.0285406
3.0 32.00000 -2.67000 0.27946E+01 0.000358557 0.000412637 0.000412637 0.0314062
3.0 32.00000 -2.67000 0.28068E+01 0.000326577 0.000375769 0.000375769 0.0336725
3.0 32.00000 -2.67000 0.28190E+01 0.00033 0.000379645 0.000379645 0.0349842
3.0 32.00000 -2.67000 0.28311E+01 0.000296888 0.000341425 0.000341425 0.0378582
3.0 32.00000 -2.67000 0.28431E+01 0.000282452 0.000324904 0.000324904 0.0400445
3.0 32.00000 -2.67000 0.28550E+01 0.00025519 0.000293775 0.000293775 0.0445888
3.0 32.00000 -2.67000 0.28668E+01 0.000256657 0.000295762 0.000295762 0.0457588
3.0 32.00000 -2.67000 0.28785E+01 0.000232796 0.000268748 0.000268748 0.050659
3.0 32.00000 -2.67000 0.28901E+01 0.000229776 0.000265974 0.000265974 0.0536261
3.0 32.00000 -2.67000 0.29016E+01 0.000215394 0.000250165 0.000250165 0.0588458
3.0 32.00000 -3.13000 0.28550E+01 0.000266809 0.000307151 0.000307151 0.0127621
3.0 32.00000 -3.13000 0.28741E+01 0.000247549 0.00028556 0.00028556 0.0125459
3.0 32.00000 -3.13000 0.28930E+01 0.000233987 0.000271086 0.000271086 0.0121645
3.0 32.00000 -3.13000 0.29116E+01 0.000217408 0.000253444 0.000253444 0.0120767
3.0 32.00000 -3.13000 0.29300E+01 0.000196924 0.000231336 0.000231336 0.0123764
3.0 32.00000 -3.13000 0.29481E+01 0.00018299 0.000217157 0.000217157 0.0123076
3.0 32.00000 -3.13000 0.29661E+01 0.00017088 0.000205095 0.000205095 0.0125055
3.0 32.00000 -3.13000 0.29837E+01 0.000151368 0.000183606 0.000183606 0.0131535
3.0 32.00000 -3.13000 0.30012E+01 0.000139217 0.000170536 0.000170536 0.0138322
3.0 32.00000 -3.13000 0.30184E+01 0.000123034 0.000152012 0.000152012 0.014978
3.0 32.00000 -3.13000 0.30355E+01 0.000108025 0.000134454 0.000134454 0.0158812
3.0 32.00000 -3.13000 0.30523E+01 9.75125e-05 0.000122063 0.000122063 0.0168869
3.0 32.00000 -3.13000 0.30689E+01 8.10121e-05 0.000101946 0.000101946 0.0187191
3.0 32.00000 -3.13000 0.30853E+01 6.78553e-05 8.57801e-05 8.57801e-05 0.0206463
3.0 32.00000 -3.13000 0.31015E+01 5.80663e-05 7.36742e-05 7.36742e-05 0.0224878
3.0 32.00000 -3.13000 0.31176E+01 4.90811e-05 6.24457e-05 6.24457e-05 0.0248402
3.0 32.00000 -3.13000 0.31334E+01 4.23833e-05 5.40139e-05 5.40139e-05 0.0276308
3.0 32.00000 -3.13000 0.31490E+01 3.51046e-05 4.4706e-05 4.4706e-05 0.0307912
3.0 32.00000 -3.13000 0.31645E+01 3.08058e-05 3.91421e-05 3.91421e-05 0.0329537
3.0 32.00000 -3.13000 0.31798E+01 2.38046e-05 3.03158e-05 3.03158e-05 0.0386641
3.0 32.00000 -3.13000 0.31949E+01 2.25615e-05 2.88409e-05 2.88409e-05 0.0385982
3.0 32.00000 -3.13000 0.32098E+01 1.84295e-05 2.35667e-05 2.35667e-05 0.0441401
3.0 32.00000 -3.13000 0.32245E+01 1.52466e-05 1.94969e-05 1.94969e-05 0.0504075
3.0 32.00000 -3.13000 0.32391E+01 1.22933e-05 1.57077e-05 1.57077e-05 0.0573646
3.0 32.00000 -3.13000 0.32535E+01 1.0394e-05 1.32628e-05 1.32628e-05 0.0632337
3.0 32.00000 -3.13000 0.32678E+01 8.95914e-06 1.14156e-05 1.14156e-05 0.0685397
3.0 32.00000 -3.13000 0.32819E+01 7.38049e-06 9.38831e-06 9.38831e-06 0.0824838
3.0 32.00000 -3.13000 0.32958E+01 6.70226e-06 8.50751e-06 8.50751e-06 0.0849867
3.0 32.00000 -3.13000 0.33096E+01 5.98138e-06 7.58026e-06 7.58026e-06 0.0922354
3.0 32.00000 -3.13000 0.33232E+01 5.80015e-06 7.3392e-06 7.3392e-06 0.0927038
3.0 32.00000 -3.13000 0.33367E+01 4.73091e-06 5.97742e-06 5.97742e-06 0.109331
3.0 32.00000 -3.13000 0.33500E+01 3.99895e-06 5.04797e-06 5.04797e-06 0.135204
3.0 32.00000 -3.13000 0.33632E+01 3.26256e-06 4.11629e-06 4.11629e-06 0.16298
3.0 32.00000 -3.13000 0.33762E+01 3.05699e-06 3.85562e-06 3.85562e-06 0.171051
3.0 32.00000 -3.13000 0.33891E+01 2.75689e-06 3.47788e-06 3.47788e-06 0.197151
3.0 32.00000 -3.13000 0.34019E+01 1.85e-06 2.33466e-06 2.33466e-06 0.265494
3.0 32.00000 -3.65000 0.33305E+01 4.22636e-06 5.34344e-06 5.34344e-06 0.0809377
3.0 32.00000 -3.65000 0.33549E+01 3.53316e-06 4.45884e-06 4.45884e-06 0.0848446
3.0 32.00000 -3.65000 0.33788E+01 2.9755e-06 3.75313e-06 3.75313e-06 0.0841324
3.0 32.00000 -3.65000 0.34023E+01 2.1872e-06 2.76019e-06 2.76019e-06 0.0971746
3.0 32.00000 -3.65000 0.34253E+01 1.67008e-06 2.11062e-06 2.11062e-06 0.109706
3.0 32.00000 -3.65000 0.34478E+01 1.47878e-06 1.87239e-06 1.87239e-06 0.11066
3.0 32.00000 -3.65000 0.34700E+01 1.04792e-06 1.32997e-06 1.32997e-06 0.139729
3.0 32.00000 -3.65000 0.34917E+01 8.15738e-07 1.03753e-06 1.03753e-06 0.166107
3.0 32.00000 -3.65000 0.35130E+01 7.19629e-07 9.1708e-07 9.1708e-07 0.172549
3.0 32.00000 -3.65000 0.35339E+01 5.08231e-07 6.49022e-07 6.49022e-07 0.21794
3.0 32.00000 -3.65000 0.35544E+01 4.6695e-07 5.9748e-07 5.9748e-07 0.219808
3.0 32.00000 -3.65000 0.35745E+01 3.65745e-07 4.68961e-07 4.68961e-07 0.262719
3.0 32.00000 -3.65000 0.35943E+01 3.70401e-07 4.75863e-07 4.75863e-07 0.200062
3.0 32.00000 -3.65000 0.36138E+01 2.06678e-07 2.66039e-07 2.66039e-07 0.3478
3.0 32.00000 -3.65000 0.36328E+01 2.25386e-07 2.90851e-07 2.90851e-07 0.313501
3.0 32.00000 -3.65000 0.36516E+01 1.07322e-07 1.38858e-07 1.38858e-07 0.491275
3.0 32.00000 -3.65000 0.36700E+01 5.37818e-08 6.97529e-08 6.97529e-08 0.782526
3.0 32.00000 -3.65000 0.36881E+01 5.87806e-08 7.64287e-08 7.64287e-08 0.786178
3.0 32.00000 -3.65000 0.37059E+01 1.24148e-08 1.61826e-08 1.61826e-08 2.49699
3.0 32.00000 -3.65000 0.37234E+01 1.17738e-07 1.53876e-07 1.53876e-07 0.429637
3.0 32.00000 -3.65000 0.37406E+01 4.45705e-08 5.83993e-08 5.83993e-08 0.706443
3.0 32.00000 -3.65000 0.37575E+01 2.60736e-08 3.42621e-08 3.42621e-08 1.34133
3.0 32.00000 -3.65000 0.37741E+01 3.99992e-08 5.27113e-08 5.27113e-08 0.954367
3.0 32.00000 -3.65000 0.37905E+01 3.36961e-08 4.45351e-08 4.45351e-08 0.903298
3.0 32.00000 -3.65000 0.38066E+01 2.38634e-08 3.1642e-08 3.1642e-08 1.35525
3.0 32.00000 -3.65000 0.38224E+01 3.14101e-08 4.17857e-08 4.17857e-08 0.837244
3.0 32.00000 -3.65000 0.38380E+01 2.1256e-08 2.83767e-08 2.83767e-08 1.34643
3.0 32.00000 -3.65000 0.38533E+01 2.93436e-08 3.93303e-08 3.93303e-08 0.799542
3.0 32.00000 -3.65000 0.38684E+01 7.81437e-08 1.05167e-07 1.05167e-07 0.471458
3.0 32.00000 -3.65000 0.38833E+01 2.16449e-08 2.92696e-08 2.92696e-08 1.27469
3.0 32.00000 -3.65000 0.38979E+01 4.8424e-09 6.58304e-09 6.58304e-09 4.89953
3.0 32.00000 -3.65000 0.39542E+01 3.45721e-08 4.81723e-08 4.81723e-08 1.2466
3.0 40.00000 -1.14000 0.10393E+01 0.00553101 0.00450959 0.00450959 0.019035
3.0 40.00000 -1.14000 0.10452E+01 0.00539934 0.00441753 0.00441753 0.0181532
3.0 40.00000 -1.14000 0.10512E+01 0.00521781 0.00428375 0.00428375 0.0176934
3.0 40.00000 -1.14000 0.10571E+01 0.00559476 0.0046084 0.0046084 0.0162333
3.0 40.00000 -1.14000 0.10630E+01 0.00523655 0.00432761 0.00432761 0.016529
3.0 40.00000 -1.14000 0.10688E+01 0.00515046 0.00427102 0.00427102 0.0161579
3.0 40.00000 -1.14000 0.10747E+01 0.0051415 0.00427738 0.00427738 0.0154403
3.0 40.00000 -1.14000 0.10806E+01 0.00508976 0.00424784 0.00424784 0.0152076
3.0 40.00000 -1.14000 0.10864E+01 0.00506094 0.00423702 0.00423702 0.0149015
3.0 40.00000 -1.14000 0.10922E+01 0.00505777 0.00424753 0.00424753 0.0146146
3.0 40.00000 -1.14000 0.10980E+01 0.00483886 0.0040762 0.0040762 0.0149848
3.0 40.00000 -1.14000 0.11038E+01 0.0047738 0.00403368 0.00403368 0.0148906
3.0 40.00000 -1.14000 0.11096E+01 0.00498761 0.00422703 0.00422703 0.0145366
3.0 40.00000 -1.14000 0.11153E+01 0.00492024 0.00418239 0.00418239 0.0145889
3.0 40.00000 -1.14000 0.11211E+01 0.00481905 0.00410849 0.00410849 0.0148102
3.0 40.00000 -1.14000 0.11268E+01 0.00478326 0.00408952 0.00408952 0.0149355
3.0 40.00000 -1.14000 0.11325E+01 0.0045397 0.00389224 0.00389224 0.0152898
3.0 40.00000 -1.14000 0.11383E+01 0.0046356 0.00398566 0.00398566 0.0151129
3.0 40.00000 -1.14000 0.11439E+01 0.00464089 0.00400154 0.00400154 0.0150765
3.0 40.00000 -1.14000 0.11496E+01 0.00456981 0.00395147 0.00395147 0.0151163
3.0 40.00000 -1.14000 0.11553E+01 0.00457331 0.00396516 0.00396516 0.0150517
3.0 40.00000 -1.14000 0.11609E+01 0.00441198 0.00383544 0.00383544 0.0153883
3.0 40.00000 -1.14000 0.11666E+01 0.00439951 0.00383474 0.00383474 0.0153416
3.0 40.00000 -1.14000 0.11722E+01 0.00434341 0.00379571 0.00379571 0.0156401
3.0 40.00000 -1.14000 0.11778E+01 0.00443032 0.00388156 0.00388156 0.0156635
3.0 40.00000 -1.14000 0.11834E+01 0.00438306 0.00385007 0.00385007 0.0160679
3.0 40.00000 -1.14000 0.11890E+01 0.00430135 0.00378816 0.00378816 0.0164985
3.0 40.00000 -1.14000 0.11945E+01 0.00406803 0.00359152 0.00359152 0.0176126
3.0 40.00000 -1.14000 0.12001E+01 0.00414057 0.00366443 0.00366443 0.0177111
3.0 40.00000 -1.14000 0.12056E+01 0.00410848 0.00364488 0.00364488 0.0181237
3.0 40.00000 -1.14000 0.12112E+01 0.00404603 0.00359819 0.00359819 0.0187777
3.0 40.00000 -1.14000 0.12167E+01 0.00405277 0.00361275 0.00361275 0.0195098
3.0 40.00000 -1.14000 0.12222E+01 0.00403686 0.00360709 0.00360709 0.0202402
3.0 40.00000 -1.14000 0.12277E+01 0.00388743 0.0034817 0.0034817 0.0214902
3.0 40.00000 -1.14000 0.12331E+01 0.00400052 0.00359141 0.00359141 0.0219798
3.0 40.00000 -1.14000 0.12386E+01 0.00396588 0.00356865 0.00356865 0.0230857
3.0 40.00000 -1.33000 0.12126E+01 0.0039469 0.00351212 0.00351212 0.0141655
3.0 40.00000 -1.33000 0.12195E+01 0.00381208 0.00340243 0.00340243 0.0136939
3.0 40.00000 -1.33000 0.12265E+01 0.00379061 0.00339336 0.00339336 0.0131581
3.0 40.00000 -1.33000 0.12335E+01 0.00376203 0.00337776 0.00337776 0.012678
3.0 40.00000 -1.33000 0.12404E+01 0.00379022 0.0034132 0.0034132 0.0121539
3.0 40.00000 -1.33000 0.12473E+01 0.00372654 0.00336534 0.00336534 0.0119724
3.0 40.00000 -1.33000 0.12542E+01 0.00370138 0.003352 0.003352 0.0116185
3.0 40.00000 -1.33000 0.12610E+01 0.00356148 0.00323465 0.00323465 0.0114857
3.0 40.00000 -1.33000 0.12679E+01 0.00353454 0.00321903 0.00321903 0.0112548
3.0 40.00000 -1.33000 0.12747E+01 0.00349204 0.00318899 0.00318899 0.0112529
3.0 40.00000 -1.33000 0.12815E+01 0.00346332 0.00317129 0.00317129 0.0111642
3.0 40.00000 -1.33000 0.12883E+01 0.00339978 0.00312136 0.00312136 0.0111245
3.0 40.00000 -1.33000 0.12950E+01 0.00342023 0.00314832 0.00314832 0.0112083
3.0 40.00000 -1.33000 0.13018E+01 0.00335427 0.00309563 0.00309563 0.011343
3.0 40.00000 -1.33000 0.13085E+01 0.00333942 0.00308985 0.00308985 0.0113689
3.0 40.00000 -1.33000 0.13152E+01 0.00316762 0.00293822 0.00293822 0.011715
3.0 40.00000 -1.33000 0.13219E+01 0.00320152 0.00297691 0.00297691 0.0115089
3.0 40.00000 -1.33000 0.13285E+01 0.00318033 0.00296441 0.00296441 0.0116953
3.0 40.00000 -1.33000 0.13352E+01 0.00312987 0.00292445 0.00292445 0.0116363
3.0 40.00000 -1.33000 0.13418E+01 0.00310451 0.00290795 0.00290795 0.0117326
3.0 40.00000 -1.33000 0.13484E+01 0.00300667 0.00282275 0.00282275 0.0119753
3.0 40.00000 -1.33000 0.13550E+01 0.00302058 0.00284234 0.00284234 0.0118965
3.0 40.00000 -1.33000 0.13615E+01 0.00294188 0.00277463 0.00277463 0.0119758
3.0 40.00000 -1.33000 0.13681E+01 0.00286986 0.0027127 0.0027127 0.0122905
3.0 40.00000 -1.33000 0.13746E+01 0.00285989 0.00270918 0.00270918 0.0125225
3.0 40.00000 -1.33000 0.13811E+01 0.00281021 0.00266813 0.00266813 0.0129254
3.0 40.00000 -1.33000 0.13876E+01 0.00277751 0.00264271 0.00264271 0.0131876
3.0 40.00000 -1.33000 0.13940E+01 0.00276638 0.00263757 0.00263757 0.0134451
3.0 40.00000 -1.33000 0.14005E+01 0.00274989 0.00262714 0.00262714 0.0137699
3.0 40.00000 -1.33000 0.14069E+01 0.00268457 0.00257003 0.00257003 0.0144176
3.0 40.00000 -1.33000 0.14133E+01 0.00261713 0.00251053 0.00251053 0.014999
3.0 40.00000 -1.33000 0.14197E+01 0.002607 0.00250567 0.00250567 0.015605
3.0 40.00000 -1.33000 0.14261E+01 0.0025737 0.00247863 0.00247863 0.016234
3.0 40.00000 -1.33000 0.14324E+01 0.00250438 0.00241651 0.00241651 0.0171639
3.0 40.00000 -1.33000 0.14387E+01 0.00249624 0.00241328 0.00241328 0.0180992
3.0 40.00000 -1.33000 0.14451E+01 0.00252892 0.00244947 0.00244947 0.0185769
3.0 40.00000 -1.56000 0.14223E+01 0.00246542 0.00237144 0.00237144 0.0113828
3.0 40.00000 -1.56000 0.14306E+01 0.00251245 0.00242294 0.00242294 0.0106453
3.0 40.00000 -1.56000 0.14389E+01 0.00243038 0.00234971 0.00234971 0.0103394
3.0 40.00000 -1.56000 0.14471E+01 0.00236017 0.00228736 0.00228736 0.0101857
3.0 40.00000 -1.56000 0.14553E+01 0.00229045 0.00222519 0.00222519 0.00997961
3.0 40.00000 -1.56000 0.14635E+01 0.00228076 0.00222107 0.00222107 0.00966809
3.0 40.00000 -1.56000 0.14716E+01 0.00221216 0.00215943 0.00215943 0.00960572
3.0 40.00000 -1.56000 0.14797E+01 0.00222495 0.00217675 0.00217675 0.00920295
3.0 40.00000 -1.56000 0.14878E+01 0.0021692 0.00212679 0.00212679 0.00921453
3.0 40.00000 -1.56000 0.14959E+01 0.00210891 0.0020722 0.0020722 0.00919933
3.0 40.00000 -1.56000 0.15039E+01 0.00205655 0.00202516 0.00202516 0.00926007
3.0 40.00000 -1.56000 0.15119E+01 0.00203506 0.00200848 0.00200848 0.00937809
3.0 40.00000 -1.56000 0.15198E+01 0.00206395 0.00204121 0.00204121 0.00923308
3.0 40.00000 -1.56000 0.15278E+01 0.0019742 0.00195647 0.00195647 0.00950789
3.0 40.00000 -1.56000 0.15357E+01 0.00190573 0.00189254 0.00189254 0.0096663
3.0 40.00000 -1.56000 0.15435E+01 0.00188814 0.00187888 0.00187888 0.00970454
3.0 40.00000 -1.56000 0.15514E+01 0.00185874 0.00185342 0.00185342 0.00977252
3.0 40.00000 -1.56000 0.15592E+01 0.0018247 0.00182305 0.00182305 0.00997967
3.0 40.00000 -1.56000 0.15670E+01 0.00176063 0.00176246 0.00176246 0.010113
3.0 40.00000 -1.56000 0.15747E+01 0.00173835 0.0017434 0.0017434 0.0101742
3.0 40.00000 -1.56000 0.15824E+01 0.00168119 0.0016891 0.0016891 0.0103598
3.0 40.00000 -1.56000 0.15901E+01 0.00166 0.00167114 0.00167114 0.0104634
3.0 40.00000 -1.56000 0.15978E+01 0.00160754 0.00162123 0.00162123 0.0105974
3.0 40.00000 -1.56000 0.16054E+01 0.00158869 0.00160508 0.00160508 0.0105212
3.0 40.00000 -1.56000 0.16131E+01 0.0015759 0.001595 0.001595 0.0109505
3.0 40.00000 -1.56000 0.16206E+01 0.00151918 0.00154033 0.00154033 0.0112134
3.0 40.00000 -1.56000 0.16282E+01 0.00153616 0.00156048 0.00156048 0.0113607
3.0 40.00000 -1.56000 0.16357E+01 0.00146154 0.00148716 0.00148716 0.0119956
3.0 40.00000 -1.56000 0.16432E+01 0.00143132 0.00145885 0.00145885 0.0123315
3.0 40.00000 -1.56000 0.16507E+01 0.00139465 0.001424 0.001424 0.0128561
3.0 40.00000 -1.56000 0.16582E+01 0.00137179 0.00140299 0.00140299 0.0133847
3.0 40.00000 -1.56000 0.16656E+01 0.00132654 0.00135898 0.00135898 0.014263
3.0 40.00000 -1.56000 0.16730E+01 0.00133573 0.00137067 0.00137067 0.0146739
3.0 40.00000 -1.56000 0.16803E+01 0.00127404 0.00130953 0.00130953 0.015699
3.0 40.00000 -1.56000 0.16877E+01 0.00128369 0.00132177 0.00132177 0.0161004
3.0 40.00000 -1.56000 0.16950E+01 0.0012416 0.00128067 0.00128067 0.0176133
3.0 40.00000 -1.82000 0.16594E+01 0.0013043 0.00133437 0.00133437 0.00983198
3.0 40.00000 -1.82000 0.16693E+01 0.00129157 0.00132419 0.00132419 0.00933336
3.0 40.00000 -1.82000 0.16790E+01 0.00127291 0.00130799 0.00130799 0.00893455
3.0 40.00000 -1.82000 0.16888E+01 0.00124006 0.00127722 0.00127722 0.00873942
3.0 40.00000 -1.82000 0.16985E+01 0.0011861 0.00122449 0.00122449 0.00856985
3.0 40.00000 -1.82000 0.17081E+01 0.00116415 0.00120429 0.00120429 0.00844901
3.0 40.00000 -1.82000 0.17177E+01 0.00113083 0.00117232 0.00117232 0.0083281
3.0 40.00000 -1.82000 0.17273E+01 0.00109513 0.0011375 0.0011375 0.00816807
3.0 40.00000 -1.82000 0.17368E+01 0.00106735 0.00111089 0.00111089 0.00824187
3.0 40.00000 -1.82000 0.17462E+01 0.00103349 0.00107814 0.00107814 0.00826765
3.0 40.00000 -1.82000 0.17557E+01 0.000991141 0.00103635 0.00103635 0.00844671
3.0 40.00000 -1.82000 0.17650E+01 0.000976887 0.0010237 0.0010237 0.00849987
3.0 40.00000 -1.82000 0.17744E+01 0.000940407 0.000987548 0.000987548 0.00868413
3.0 40.00000 -1.82000 0.17836E+01 0.000896971 0.000943737 0.000943737 0.00904742
3.0 40.00000 -1.82000 0.17929E+01 0.000868435 0.000915364 0.000915364 0.00897822
3.0 40.00000 -1.82000 0.18021E+01 0.00084442 0.000891998 0.000891998 0.00921522
3.0 40.00000 -1.82000 0.18113E+01 0.00081459 0.000862534 0.000862534 0.00944255
3.0 40.00000 -1.82000 0.18204E+01 0.00079107 0.000839693 0.000839693 0.00955233
3.0 40.00000 -1.82000 0.18294E+01 0.000749344 0.000797285 0.000797285 0.00981119
3.0 40.00000 -1.82000 0.18385E+01 0.00073849 0.000787518 0.000787518 0.00993821
3.0 40.00000 -1.82000 0.18475E+01 0.000702181 0.000750207 0.000750207 0.010246
3.0 40.00000 -1.82000 0.18564E+01 0.000693725 0.000742565 0.000742565 0.0102112
3.0 40.00000 -1.82000 0.18653E+01 0.000662916 0.000711115 0.000711115 0.0104401
3.0 40.00000 -1.82000 0.18742E+01 0.000648455 0.000697225 0.000697225 0.0105773
3.0 40.00000 -1.82000 0.18830E+01 0.000631145 0.000680389 0.000680389 0.010847
3.0 40.00000 -1.82000 0.18918E+01 0.000606609 0.000655587 0.000655587 0.0112106
3.0 40.00000 -1.82000 0.19006E+01 0.000585106 0.000633883 0.000633883 0.0116465
3.0 40.00000 -1.82000 0.19093E+01 0.00055923 0.00060691 0.00060691 0.0122134
3.0 40.00000 -1.82000 0.19180E+01 0.000528705 0.000575007 0.000575007 0.0128673
3.0 40.00000 -1.82000 0.19266E+01 0.000516961 0.000563428 0.000563428 0.0133352
3.0 40.00000 -1.82000 0.19352E+01 0.000500048 0.000546203 0.000546203 0.0140941
3.0 40.00000 -1.82000 0.19437E+01 0.000509476 0.000557682 0.000557682 0.0144346
3.0 40.00000 -1.82000 0.19522E+01 0.000468734 0.000514026 0.000514026 0.015728
3.0 40.00000 -1.82000 0.19607E+01 0.000451635 0.000496366 0.000496366 0.0164553
3.0 40.00000 -1.82000 0.19692E+01 0.000428206 0.000471566 0.000471566 0.0182988
3.0 40.00000 -1.82000 0.19776E+01 0.000409784 0.000452228 0.000452228 0.0197604
3.0 40.00000 -2.13000 0.19422E+01 0.000472199 0.000516688 0.000516688 0.0101676
3.0 40.00000 -2.13000 0.19540E+01 0.000458748 0.000503305 0.000503305 0.00983442
3.0 40.00000 -2.13000 0.19656E+01 0.000434982 0.000478635 0.000478635 0.0095043
3.0 40.00000 -2.13000 0.19772E+01 0.000414434 0.000457319 0.000457319 0.00937312
3.0 40.00000 -2.13000 0.19888E+01 0.000392281 0.000434012 0.000434012 0.00931966
3.0 40.00000 -2.13000 0.20002E+01 0.000365875 0.000406052 0.000406052 0.00926815
3.0 40.00000 -2.13000 0.20116E+01 0.000354165 0.000394159 0.000394159 0.00923896
3.0 40.00000 -2.13000 0.20230E+01 0.00032998 0.00036821 0.00036821 0.00941689
3.0 40.00000 -2.13000 0.20342E+01 0.000311287 0.000348098 0.000348098 0.00955645
3.0 40.00000 -2.13000 0.20454E+01 0.000296644 0.000332647 0.000332647 0.00986845
3.0 40.00000 -2.13000 0.20565E+01 0.000280813 0.000315941 0.000315941 0.0100334
3.0 40.00000 -2.13000 0.20676E+01 0.000269064 0.000303467 0.000303467 0.0103031
3.0 40.00000 -2.13000 0.20786E+01 0.00024701 0.000279 0.000279 0.0108717
3.0 40.00000 -2.13000 0.20895E+01 0.000231119 0.00026128 0.00026128 0.0113485
3.0 40.00000 -2.13000 0.21004E+01 0.000216686 0.00024523 0.00024523 0.0115003
3.0 40.00000 -2.13000 0.21112E+01 0.00020217 0.000229066 0.000229066 0.0120741
3.0 40.00000 -2.13000 0.21219E+01 0.000185128 0.000209919 0.000209919 0.012863
3.0 40.00000 -2.13000 0.21326E+01 0.000177551 0.000201584 0.000201584 0.0129635
3.0 40.00000 -2.13000 0.21432E+01 0.000167763 0.000190557 0.000190557 0.0133628
3.0 40.00000 -2.13000 0.21537E+01 0.000156931 0.000178288 0.000178288 0.0138147
3.0 40.00000 -2.13000 0.21642E+01 0.000149296 0.000169612 0.000169612 0.014138
3.0 40.00000 -2.13000 0.21747E+01 0.000129934 0.000147639 0.000147639 0.0155919
3.0 40.00000 -2.13000 0.21850E+01 0.000122938 0.000139754 0.000139754 0.0161026
3.0 40.00000 -2.13000 0.21953E+01 0.000117161 0.000133195 0.000133195 0.0162405
3.0 40.00000 -2.13000 0.22056E+01 0.000108473 0.00012333 0.00012333 0.0173646
3.0 40.00000 -2.13000 0.22158E+01 0.000103046 0.000117169 0.000117169 0.0177609
3.0 40.00000 -2.13000 0.22259E+01 9.96193e-05 0.000113322 0.000113322 0.018095
3.0 40.00000 -2.13000 0.22360E+01 9.14117e-05 0.000104095 0.000104095 0.0194478
3.0 40.00000 -2.13000 0.22460E+01 8.56858e-05 9.76794e-05 9.76794e-05 0.0206412
3.0 40.00000 -2.13000 0.22559E+01 7.78532e-05 8.88198e-05 8.88198e-05 0.0233659
3.0 40.00000 -2.13000 0.22658E+01 7.6602e-05 8.7452e-05 8.7452e-05 0.0231574
3.0 40.00000 -2.13000 0.22757E+01 7.11943e-05 8.13908e-05 8.13908e-05 0.025742
3.0 40.00000 -2.13000 0.22855E+01 6.58838e-05 7.54984e-05 7.54984e-05 0.0277099
3.0 40.00000 -2.13000 0.22952E+01 6.17153e-05 7.09253e-05 7.09253e-05 0.0314122
3.0 40.00000 -2.13000 0.23049E+01 6.18351e-05 7.12981e-05 7.12981e-05 0.0314624
3.0 40.00000 -2.13000 0.23145E+01 5.63938e-05 6.52563e-05 6.52563e-05 0.0344407
3.0 40.00000 -2.48000 0.22616E+01 7.91579e-05 9.03481e-05 9.03481e-05 0.0232179
3.0 40.00000 -2.48000 0.22756E+01 6.96958e-05 7.96777e-05 7.96777e-05 0.0241623
3.0 40.00000 -2.48000 0.22896E+01 6.70922e-05 7.69631e-05 7.69631e-05 0.0229129
3.0 40.00000 -2.48000 0.23035E+01 6.33123e-05 7.29632e-05 7.29632e-05 0.021642
3.0 40.00000 -2.48000 0.23172E+01 5.38979e-05 6.24394e-05 6.24394e-05 0.0239138
3.0 40.00000 -2.48000 0.23308E+01 4.99512e-05 5.82034e-05 5.82034e-05 0.0232111
3.0 40.00000 -2.48000 0.23444E+01 4.82864e-05 5.6666e-05 5.6666e-05 0.0242208
3.0 40.00000 -2.48000 0.23578E+01 4.10821e-05 4.8607e-05 4.8607e-05 0.0265272
3.0 40.00000 -2.48000 0.23711E+01 3.88023e-05 4.62765e-05 4.62765e-05 0.0271694
3.0 40.00000 -2.48000 0.23843E+01 3.69478e-05 4.43618e-05 4.43618e-05 0.027791
3.0 40.00000 -2.48000 0.23974E+01 3.11491e-05 3.76282e-05 3.76282e-05 0.0282621
3.0 40.00000 -2.48000 0.24104E+01 3.07569e-05 3.73711e-05 3.73711e-05 0.0285656
3.0 40.00000 -2.48000 0.24233E+01 2.52409e-05 3.08296e-05 3.08296e-05 0.0323713
3.0 40.00000 -2.48000 0.24361E+01 2.21763e-05 2.71946e-05 2.71946e-05 0.0371967
3.0 40.00000 -2.48000 0.24488E+01 1.88656e-05 2.32215e-05 2.32215e-05 0.0375738
3.0 40.00000 -2.48000 0.24615E+01 1.66451e-05 2.05585e-05 2.05585e-05 0.0404131
3.0 40.00000 -2.48000 0.24740E+01 1.52873e-05 1.89402e-05 1.89402e-05 0.0431352
3.0 40.00000 -2.48000 0.24864E+01 1.37872e-05 1.71229e-05 1.71229e-05 0.044348
3.0 40.00000 -2.48000 0.24987E+01 1.10856e-05 1.37897e-05 1.37897e-05 0.0521051
3.0 40.00000 -2.48000 0.25110E+01 1.01347e-05 1.26141e-05 1.26141e-05 0.0542856
3.0 40.00000 -2.48000 0.25231E+01 8.05588e-06 1.00134e-05 1.00134e-05 0.0630343
3.0 40.00000 -2.48000 0.25352E+01 7.55712e-06 9.35616e-06 9.35616e-06 0.0640916
3.0 40.00000 -2.48000 0.25471E+01 5.4528e-06 6.72726e-06 6.72726e-06 0.0816801
3.0 40.00000 -2.48000 0.25590E+01 4.63962e-06 5.72469e-06 5.72469e-06 0.121074
3.0 40.00000 -2.48000 0.25708E+01 4.43071e-06 5.50627e-06 5.50627e-06 0.0899187
3.0 40.00000 -2.48000 0.25825E+01 3.52978e-06 4.38821e-06 4.38821e-06 0.103693
3.0 40.00000 -2.48000 0.25941E+01 3.91026e-06 4.86005e-06 4.86005e-06 0.0940053
3.0 40.00000 -2.48000 0.26057E+01 3.69032e-06 4.58408e-06 4.58408e-06 0.0975286
3.0 40.00000 -2.48000 0.26171E+01 2.2064e-06 2.7385e-06 2.7385e-06 0.154731
3.0 40.00000 -2.48000 0.26285E+01 2.70061e-06 3.34822e-06 3.34822e-06 0.125182
3.0 40.00000 -2.48000 0.26398E+01 2.40973e-06 2.98424e-06 2.98424e-06 0.136249
3.0 40.00000 -2.48000 0.26510E+01 1.73285e-06 2.14301e-06 2.14301e-06 0.17426
3.0 40.00000 -2.48000 0.26621E+01 1.05507e-06 1.3029e-06 1.3029e-06 0.258273
3.0 40.00000 -2.48000 0.26731E+01 1.29272e-06 1.59478e-06 1.59478e-06 0.227996
3.0 40.00000 -2.48000 0.26841E+01 1.37818e-06 1.69782e-06 1.69782e-06 0.237229
3.0 40.00000 -2.48000 0.26950E+01 8.39564e-07 1.03294e-06 1.03294e-06 0.366697
3.0 40.00000 -2.90000 0.26450E+01 2.2379e-06 2.76963e-06 2.76963e-06 0.127116
3.0 40.00000 -2.90000 0.26621E+01 1.06443e-06 1.31446e-06 1.31446e-06 0.22178
3.0 40.00000 -2.90000 0.26791E+01 1.20967e-06 1.49137e-06 1.49137e-06 0.172224
3.0 40.00000 -2.90000 0.26960E+01 1.13813e-06 1.40028e-06 1.40028e-06 0.177999
3.0 40.00000 -2.90000 0.27126E+01 8.13484e-07 1.00026e-06 1.00026e-06 0.199922
3.0 40.00000 -2.90000 0.27291E+01 6.58272e-07 8.08653e-07 8.08653e-07 0.206634
3.0 40.00000 -2.90000 0.27453E+01 5.97347e-07 7.33881e-07 7.33881e-07 0.232097
3.0 40.00000 -2.90000 0.27614E+01 4.73314e-07 5.81852e-07 5.81852e-07 0.271403
3.0 40.00000 -2.90000 0.27774E+01 5.31821e-07 6.54159e-07 6.54159e-07 0.211338
3.0 40.00000 -2.90000 0.27931E+01 3.93947e-07 4.85379e-07 4.85379e-07 0.273428
3.0 40.00000 -2.90000 0.28087E+01 3.85394e-07 4.75377e-07 4.75377e-07 0.245827
3.0 40.00000 -2.90000 0.28242E+01 1.3802e-07 1.70535e-07 1.70535e-07 0.67003
3.0 40.00000 -2.90000 0.28395E+01 2.66716e-07 3.30211e-07 3.30211e-07 0.326273
3.0 40.00000 -2.90000 0.28546E+01 1.37542e-07 1.70546e-07 1.70546e-07 0.573863
3.0 40.00000 -2.90000 0.28695E+01 2.26697e-07 2.81601e-07 2.81601e-07 0.37336
3.0 40.00000 -2.90000 0.28843E+01 1.07857e-07 1.34188e-07 1.34188e-07 0.601521
3.0 40.00000 -2.90000 0.28990E+01 2.73767e-09 3.41181e-09 3.41181e-09 18.8595
3.0 40.00000 -2.90000 0.29135E+01 3.2435e-08 4.04849e-08 4.04849e-08 1.47248
3.0 40.00000 -2.90000 0.29279E+01 9.48932e-08 1.18635e-07 1.18635e-07 0.564266
3.0 40.00000 -2.90000 0.29421E+01 1.09653e-07 1.37301e-07 1.37301e-07 0.467013
3.0 40.00000 -2.90000 0.29562E+01 9.47927e-08 1.18889e-07 1.18889e-07 0.467146
3.0 40.00000 -2.90000 0.29701E+01 1.49991e-09 1.88406e-09 1.88406e-09 25.3663
3.0 40.00000 -2.90000 0.29839E+01 1.60026e-08 2.01285e-08 2.01285e-08 1
3.0 40.00000 -2.90000 0.29976E+01 1.54111e-09 1.94156e-09 1.94156e-09 24.9611
3.0 40.00000 -2.90000 0.30111E+01 4.90919e-08 6.19423e-08 6.19423e-08 0.577371
3.0 40.00000 -2.90000 0.30245E+01 3.24995e-08 4.10787e-08 4.10787e-08 0.707115
3.0 40.00000 -2.90000 0.30378E+01 1.68485e-08 2.13395e-08 2.13395e-08 1
3.0 40.00000 -2.90000 0.30640E+01 1.87371e-08 2.38175e-08 2.38175e-08 1.65767
3.0 40.00000 -2.90000 0.31272E+01 2.99228e-08 3.8387e-08 3.8387e-08 1
3.0 40.00000 -2.90000 0.31395E+01 3.42516e-08 4.40251e-08 4.40251e-08 1
3.0 50.00000 -0.86000 0.78401E+00 0.00270353 0.00206107 0.00206107 0.0270732
3.0 50.00000 -0.86000 0.78844E+00 0.00276878 0.00211993 0.00211993 0.0248078
3.0 50.00000 -0.86000 0.79285E+00 0.00275801 0.00212075 0.00212075 0.0235776
3.0 50.00000 -0.86000 0.79726E+00 0.00258852 0.0019989 0.0019989 0.0235926
3.0 50.00000 -0.86000 0.80167E+00 0.00261259 0.00202605 0.00202605 0.022446
3.0 50.00000 -0.86000 0.80606E+00 0.0025369 0.00197561 0.00197561 0.022195
3.0 50.00000 -0.86000 0.81045E+00 0.00267704 0.00209338 0.00209338 0.0202729
3.0 50.00000 -0.86000 0.81482E+00 0.00254572 0.00199887 0.00199887 0.0204622
3.0 50.00000 -0.86000 0.81920E+00 0.00254257 0.0020043 0.0020043 0.0199967
3.0 50.00000 -0.86000 0.82356E+00 0.00244582 0.00193565 0.00193565 0.020555
3.0 50.00000 -0.86000 0.82791E+00 0.00253542 0.00201438 0.00201438 0.0196921
3.0 50.00000 -0.86000 0.83226E+00 0.00248571 0.00198254 0.00198254 0.020128
3.0 50.00000 -0.86000 0.83660E+00 0.00244741 0.00195951 0.00195951 0.0204252
3.0 50.00000 -0.86000 0.84093E+00 0.00239598 0.00192566 0.00192566 0.0203767
3.0 50.00000 -0.86000 0.84526E+00 0.00248626 0.00200576 0.00200576 0.0197285
3.0 50.00000 -0.86000 0.84958E+00 0.0024991 0.00202366 0.00202366 0.0193305
3.0 50.00000 -0.86000 0.85388E+00 0.00229545 0.00186552 0.00186552 0.0204481
3.0 50.00000 -0.86000 0.85819E+00 0.00231879 0.00189134 0.00189134 0.0201387
3.0 50.00000 -0.86000 0.86248E+00 0.00240381 0.00196779 0.00196779 0.0196241
3.0 50.00000 -0.86000 0.86677E+00 0.00224596 0.0018451 0.0018451 0.0203945
3.0 50.00000 -0.86000 0.87105E+00 0.00223991 0.00184655 0.00184655 0.0203032
3.0 50.00000 -0.86000 0.87532E+00 0.00219325 0.00181434 0.00181434 0.0206945
3.0 50.00000 -0.86000 0.87958E+00 0.00216069 0.00179356 0.00179356 0.0206709
3.0 50.00000 -0.86000 0.88384E+00 0.00209331 0.0017436 0.0017436 0.0209389
3.0 50.00000 -0.86000 0.88809E+00 0.00217599 0.00181846 0.00181846 0.0201318
3.0 50.00000 -0.86000 0.89233E+00 0.00214966 0.00180234 0.00180234 0.0204132
3.0 50.00000 -0.86000 0.89657E+00 0.00208848 0.00175672 0.00175672 0.0214262
3.0 50.00000 -0.86000 0.90080E+00 0.00212604 0.00179401 0.00179401 0.0212878
3.0 50.00000 -0.86000 0.90502E+00 0.00199451 0.00168836 0.00168836 0.022884
3.0 50.00000 -0.86000 0.90923E+00 0.00202276 0.00171767 0.00171767 0.0229608
3.0 50.00000 -0.86000 0.91344E+00 0.00205 0.00174644 0.00174644 0.0234581
3.0 50.00000 -0.86000 0.91763E+00 0.00196201 0.00167657 0.00167657 0.024804
3.0 50.00000 -0.86000 0.92183E+00 0.00208006 0.00178278 0.00178278 0.0243426
3.0 50.00000 -0.86000 0.92601E+00 0.00201257 0.00173006 0.00173006 0.0264264
3.0 50.00000 -0.86000 0.93019E+00 0.00197938 0.00170649 0.00170649 0.028181
3.0 50.00000 -0.86000 0.93436E+00 0.00187993 0.00162548 0.00162548 0.0303842
3.0 50.00000 -1.00000 0.91166E+00 0.00186965 0.00159069 0.00159069 0.0257751
3.0 50.00000 -1.00000 0.91683E+00 0.00189057 0.0016146 0.0016146 0.0243635
3.0 50.00000 -1.00000 0.92200E+00 0.00180733 0.00154923 0.00154923 0.0238918
3.0 50.00000 -1.00000 0.92715E+00 0.00175602 0.00151073 0.00151073 0.0229939
3.0 50.00000 -1.00000 0.93229E+00 0.00181923 0.00157073 0.00157073 0.0217581
3.0 50.00000 -1.00000 0.93743E+00 0.00174963 0.0015159 0.0015159 0.0215433
3.0 50.00000 -1.00000 0.94255E+00 0.00163305 0.00141985 0.00141985 0.0217738
3.0 50.00000 -1.00000 0.94766E+00 0.00168091 0.00146642 0.00146642 0.0202663
3.0 50.00000 -1.00000 0.95276E+00 0.00166229 0.0014551 0.0014551 0.0200585
3.0 50.00000 -1.00000 0.95785E+00 0.0016208 0.0014234 0.0014234 0.0205194
3.0 50.00000 -1.00000 0.96292E+00 0.00162201 0.00142916 0.00142916 0.0206503
3.0 50.00000 -1.00000 0.96799E+00 0.00167951 0.00148442 0.00148442 0.0197536
3.0 50.00000 -1.00000 0.97305E+00 0.0015854 0.00140555 0.00140555 0.0204376
3.0 50.00000 -1.00000 0.97809E+00 0.00160002 0.00142281 0.00142281 0.0201026
3.0 50.00000 -1.00000 0.98313E+00 0.00156327 0.00139431 0.00139431 0.0202865
3.0 50.00000 -1.00000 0.98815E+00 0.00149566 0.00133786 0.00133786 0.0209452
3.0 50.00000 -1.00000 0.99317E+00 0.00147225 0.00132078 0.00132078 0.0211812
3.0 50.00000 -1.00000 0.99817E+00 0.00150388 0.00135306 0.00135306 0.0207442
3.0 50.00000 -1.00000 0.10032E+01 0.00147221 0.00132842 0.00132842 0.0209289
3.0 50.00000 -1.00000 0.10081E+01 0.00141057 0.00127628 0.00127628 0.0212823
3.0 50.00000 -1.00000 0.10131E+01 0.00142512 0.00129301 0.00129301 0.0209871
3.0 50.00000 -1.00000 0.10181E+01 0.00140838 0.0012811 0.0012811 0.0210904
3.0 50.00000 -1.00000 0.10230E+01 0.0013813 0.00125966 0.00125966 0.0213084
3.0 50.00000 -1.00000 0.10280E+01 0.00136844 0.0012511 0.0012511 0.021437
3.0 50.00000 -1.00000 0.10329E+01 0.00131835 0.0012085 0.0012085 0.0218338
3.0 50.00000 -1.00000 0.10378E+01 0.00129988 0.0011945 0.0011945 0.0220514
3.0 50.00000 -1.00000 0.10427E+01 0.00126496 0.00116523 0.00116523 0.0229989
3.0 50.00000 -1.00000 0.10476E+01 0.00127006 0.00117269 0.00117269 0.0229877
3.0 50.00000 -1.00000 0.10525E+01 0.00128665 0.0011909 0.0011909 0.023401
3.0 50.00000 -1.00000 0.10574E+01 0.00125518 0.00116448 0.00116448 0.0240378
3.0 50.00000 -1.00000 0.10623E+01 0.00126373 0.00117512 0.00117512 0.0246141
3.0 50.00000 -1.00000 0.10671E+01 0.00122378 0.00114056 0.00114056 0.0265267
3.0 50.00000 -1.00000 0.10720E+01 0.00121078 0.00113108 0.00113108 0.0269426
3.0 50.00000 -1.00000 0.10768E+01 0.00123813 0.00115913 0.00115913 0.0284542
3.0 50.00000 -1.00000 0.10817E+01 0.00119049 0.00111684 0.00111684 0.0300238
3.0 50.00000 -1.00000 0.10865E+01 0.00118287 0.00111198 0.00111198 0.0316946
3.0 50.00000 -1.17000 0.10667E+01 0.00110518 0.00102979 0.00102979 0.0187892
3.0 50.00000 -1.17000 0.10728E+01 0.00112972 0.00105574 0.00105574 0.0172789
3.0 50.00000 -1.17000 0.10789E+01 0.00109586 0.00102684 0.00102684 0.0166308
3.0 50.00000 -1.17000 0.10849E+01 0.00109253 0.00102638 0.00102638 0.0157639
3.0 50.00000 -1.17000 0.10910E+01 0.00104944 0.000988521 0.000988521 0.0157848
3.0 50.00000 -1.17000 0.10970E+01 0.00106328 0.00100413 0.00100413 0.0148708
3.0 50.00000 -1.17000 0.11030E+01 0.00102109 0.000966779 0.000966779 0.0148227
3.0 50.00000 -1.17000 0.11090E+01 0.00100987 0.000958541 0.000958541 0.0143275
3.0 50.00000 -1.17000 0.11150E+01 0.000969931 0.000922978 0.000922978 0.0146446
3.0 50.00000 -1.17000 0.11210E+01 0.00094671 0.000903075 0.000903075 0.0148669
3.0 50.00000 -1.17000 0.11270E+01 0.000960899 0.000918788 0.000918788 0.0147186
3.0 50.00000 -1.17000 0.11329E+01 0.000951703 0.000912148 0.000912148 0.0145369
3.0 50.00000 -1.17000 0.11389E+01 0.000939222 0.000902191 0.000902191 0.0145414
3.0 50.00000 -1.17000 0.11448E+01 0.000884015 0.00085105 0.00085105 0.0150597
3.0 50.00000 -1.17000 0.11507E+01 0.000853637 0.00082371 0.00082371 0.0154086
3.0 50.00000 -1.17000 0.11566E+01 0.000832845 0.000805393 0.000805393 0.0155198
3.0 50.00000 -1.17000 0.11624E+01 0.000819654 0.000794298 0.000794298 0.015476
3.0 50.00000 -1.17000 0.11683E+01 0.000799987 0.000776844 0.000776844 0.0158583
3.0 50.00000 -1.17000 0.11741E+01 0.000808566 0.000786859 0.000786859 0.0156595
3.0 50.00000 -1.17000 0.11799E+01 0.00075285 0.000734127 0.000734127 0.0163143
3.0 50.00000 -1.17000 0.11858E+01 0.000752804 0.000735555 0.000735555 0.0160685
3.0 50.00000 -1.17000 0.11916E+01 0.000739999 0.000724556 0.000724556 0.0164499
3.0 50.00000 -1.17000 0.11973E+01 0.000711291 0.000697802 0.000697802 0.0168339
3.0 50.00000 -1.17000 0.12031E+01 0.000715756 0.000703525 0.000703525 0.016305
3.0 50.00000 -1.17000 0.12089E+01 0.000678954 0.000668613 0.000668613 0.0171192
3.0 50.00000 -1.17000 0.12146E+01 0.000686317 0.000677199 0.000677199 0.0169371
3.0 50.00000 -1.17000 0.12203E+01 0.000664671 0.000657106 0.000657106 0.017516
3.0 50.00000 -1.17000 0.12260E+01 0.000631081 0.000625019 0.000625019 0.0183585
3.0 50.00000 -1.17000 0.12317E+01 0.000637277 0.000632236 0.000632236 0.0184729
3.0 50.00000 -1.17000 0.12374E+01 0.00060506 0.000601306 0.000601306 0.0197801
3.0 50.00000 -1.17000 0.12431E+01 0.000619392 0.000616668 0.000616668 0.0198564
3.0 50.00000 -1.17000 0.12487E+01 0.000604046 0.000602438 0.000602438 0.0211082
3.0 50.00000 -1.17000 0.12544E+01 0.000595902 0.000595356 0.000595356 0.0217997
3.0 50.00000 -1.17000 0.12600E+01 0.000635088 0.000635622 0.000635622 0.0217875
3.0 50.00000 -1.17000 0.12656E+01 0.000562092 0.00056354 0.00056354 0.0252636
3.0 50.00000 -1.17000 0.12712E+01 0.000563209 0.000565688 0.000565688 0.0264924
3.0 50.00000 -1.36000 0.12399E+01 0.000561194 0.00055819 0.00055819 0.0169105
3.0 50.00000 -1.36000 0.12471E+01 0.00056554 0.000563745 0.000563745 0.0157553
3.0 50.00000 -1.36000 0.12542E+01 0.000560411 0.00055987 0.00055987 0.0147021
3.0 50.00000 -1.36000 0.12613E+01 0.000541323 0.000542 0.000542 0.0145041
3.0 50.00000 -1.36000 0.12684E+01 0.000516596 0.000518373 0.000518373 0.0143634
3.0 50.00000 -1.36000 0.12755E+01 0.000505703 0.000508589 0.000508589 0.0138043
3.0 50.00000 -1.36000 0.12825E+01 0.000483627 0.000487358 0.000487358 0.013896
3.0 50.00000 -1.36000 0.12896E+01 0.000478893 0.000483501 0.000483501 0.0132489
3.0 50.00000 -1.36000 0.12966E+01 0.000469754 0.000475217 0.000475217 0.0132597
3.0 50.00000 -1.36000 0.13035E+01 0.000446862 0.000452956 0.000452956 0.0137926
3.0 50.00000 -1.36000 0.13105E+01 0.000450034 0.00045712 0.00045712 0.0136314
3.0 50.00000 -1.36000 0.13174E+01 0.000425123 0.000432798 0.000432798 0.0141946
3.0 50.00000 -1.36000 0.13243E+01 0.000408481 0.00041684 0.00041684 0.0145246
3.0 50.00000 -1.36000 0.13312E+01 0.000386361 0.000395045 0.000395045 0.0151432
3.0 50.00000 -1.36000 0.13381E+01 0.000384079 0.000393445 0.000393445 0.0147792
3.0 50.00000 -1.36000 0.13450E+01 0.000366667 0.000376234 0.000376234 0.0152897
3.0 50.00000 -1.36000 0.13518E+01 0.000350147 0.000359915 0.000359915 0.0156514
3.0 50.00000 -1.36000 0.13586E+01 0.000335803 0.000345879 0.000345879 0.016259
3.0 50.00000 -1.36000 0.13654E+01 0.000334707 0.000345488 0.000345488 0.0155762
3.0 50.00000 -1.36000 0.13722E+01 0.000324174 0.000335431 0.000335431 0.016016
3.0 50.00000 -1.36000 0.13789E+01 0.000309527 0.000320961 0.000320961 0.0165243
3.0 50.00000 -1.36000 0.13856E+01 0.000296812 0.000308374 0.000308374 0.0170065
3.0 50.00000 -1.36000 0.13923E+01 0.000282217 0.000293748 0.000293748 0.0177079
3.0 50.00000 -1.36000 0.13990E+01 0.000278998 0.00029093 0.00029093 0.0170612
3.0 50.00000 -1.36000 0.14057E+01 0.000268646 0.000280675 0.000280675 0.0176251
3.0 50.00000 -1.36000 0.14123E+01 0.000256073 0.000268104 0.000268104 0.0181087
3.0 50.00000 -1.36000 0.14189E+01 0.000250975 0.000263372 0.000263372 0.0187265
3.0 50.00000 -1.36000 0.14255E+01 0.000238264 0.000250609 0.000250609 0.0195689
3.0 50.00000 -1.36000 0.14321E+01 0.000240554 0.000253552 0.000253552 0.019518
3.0 50.00000 -1.36000 0.14387E+01 0.000230227 0.000243128 0.000243128 0.0205963
3.0 50.00000 -1.36000 0.14452E+01 0.000227639 0.000240851 0.000240851 0.0218924
3.0 50.00000 -1.36000 0.14518E+01 0.000212932 0.000225848 0.000225848 0.0237194
3.0 50.00000 -1.36000 0.14583E+01 0.000209704 0.000222954 0.000222954 0.0240006
3.0 50.00000 -1.36000 0.14648E+01 0.000205422 0.000218879 0.000218879 0.0267712
3.0 50.00000 -1.36000 0.14712E+01 0.000192609 0.000205574 0.000205574 0.0279209
3.0 50.00000 -1.36000 0.14777E+01 0.000185373 0.000198242 0.000198242 0.0312033
3.0 50.00000 -1.59000 0.14497E+01 0.000196657 0.000208428 0.000208428 0.0173526
3.0 50.00000 -1.59000 0.14581E+01 0.000194776 0.000207062 0.000207062 0.0162139
3.0 50.00000 -1.59000 0.14666E+01 0.000183714 0.000195841 0.000195841 0.0157447
3.0 50.00000 -1.59000 0.14750E+01 0.000177288 0.000189435 0.000189435 0.0156117
3.0 50.00000 -1.59000 0.14833E+01 0.000168733 0.000180752 0.000180752 0.0149946
3.0 50.00000 -1.59000 0.14917E+01 0.000164477 0.000176641 0.000176641 0.0144632
3.0 50.00000 -1.59000 0.15000E+01 0.000154384 0.00016619 0.00016619 0.0143879
3.0 50.00000 -1.59000 0.15083E+01 0.000138515 0.000149482 0.000149482 0.0156049
3.0 50.00000 -1.59000 0.15165E+01 0.00013337 0.00014436 0.00014436 0.0155606
3.0 50.00000 -1.59000 0.15247E+01 0.000132867 0.00014426 0.00014426 0.0151885
3.0 50.00000 -1.59000 0.15329E+01 0.000128517 0.000139897 0.000139897 0.0156302
3.0 50.00000 -1.59000 0.15411E+01 0.000118728 0.000129557 0.000129557 0.0164093
3.0 50.00000 -1.59000 0.15492E+01 0.000108849 0.000118984 0.000118984 0.0178777
3.0 50.00000 -1.59000 0.15573E+01 0.000104555 0.000114541 0.000114541 0.0175704
3.0 50.00000 -1.59000 0.15653E+01 9.74924e-05 0.000107132 0.000107132 0.0182827
3.0 50.00000 -1.59000 0.15733E+01 9.44254e-05 0.000103936 0.000103936 0.0185787
3.0 50.00000 -1.59000 0.15813E+01 8.55079e-05 9.41788e-05 9.41788e-05 0.0190783
3.0 50.00000 -1.59000 0.15893E+01 8.34912e-05 9.20423e-05 9.20423e-05 0.0194204
3.0 50.00000 -1.59000 0.15972E+01 7.79426e-05 8.60217e-05 8.60217e-05 0.0199618
3.0 50.00000 -1.59000 0.16051E+01 7.16756e-05 7.91851e-05 7.91851e-05 0.0211841
3.0 50.00000 -1.59000 0.16130E+01 6.72383e-05 7.43629e-05 7.43629e-05 0.0224918
3.0 50.00000 -1.59000 0.16208E+01 6.01783e-05 6.66396e-05 6.66396e-05 0.023645
3.0 50.00000 -1.59000 0.16287E+01 5.85906e-05 6.49528e-05 6.49528e-05 0.0249765
3.0 50.00000 -1.59000 0.16364E+01 5.58017e-05 6.19127e-05 6.19127e-05 0.0244569
3.0 50.00000 -1.59000 0.16442E+01 5.25408e-05 5.83227e-05 5.83227e-05 0.0245013
3.0 50.00000 -1.59000 0.16519E+01 4.87321e-05 5.40944e-05 5.40944e-05 0.0263118
3.0 50.00000 -1.59000 0.16596E+01 4.8762e-05 5.4136e-05 5.4136e-05 0.0263416
3.0 50.00000 -1.59000 0.16673E+01 4.32112e-05 4.79943e-05 4.79943e-05 0.0298481
3.0 50.00000 -1.59000 0.16749E+01 3.86864e-05 4.30197e-05 4.30197e-05 0.0310303
3.0 50.00000 -1.59000 0.16825E+01 3.79871e-05 4.22914e-05 4.22914e-05 0.0323802
3.0 50.00000 -1.59000 0.16901E+01 3.45575e-05 3.85118e-05 3.85118e-05 0.0367703
3.0 50.00000 -1.59000 0.16977E+01 3.57687e-05 3.9898e-05 3.9898e-05 0.0377539
3.0 50.00000 -1.59000 0.17052E+01 2.89897e-05 3.23688e-05 3.23688e-05 0.0425013
3.0 50.00000 -1.59000 0.17127E+01 2.74486e-05 3.0672e-05 3.0672e-05 0.0535087
3.0 50.00000 -1.59000 0.17202E+01 2.63506e-05 2.94817e-05 2.94817e-05 0.0517977
3.0 50.00000 -1.59000 0.17276E+01 2.4358e-05 2.72937e-05 2.72937e-05 0.054674
3.0 50.00000 -1.86000 0.16959E+01 3.3603e-05 3.74755e-05 3.74755e-05 0.0442986
3.0 50.00000 -1.86000 0.17060E+01 2.94233e-05 3.28526e-05 3.28526e-05 0.0445628
3.0 50.00000 -1.86000 0.17160E+01 2.62692e-05 2.93698e-05 2.93698e-05 0.0452699
3.0 50.00000 -1.86000 0.17260E+01 2.65656e-05 2.97597e-05 2.97597e-05 0.0444217
3.0 50.00000 -1.86000 0.17359E+01 2.47695e-05 2.78094e-05 2.78094e-05 0.0447255
3.0 50.00000 -1.86000 0.17458E+01 2.2724e-05 2.55863e-05 2.55863e-05 0.0416582
3.0 50.00000 -1.86000 0.17556E+01 2.02625e-05 2.28984e-05 2.28984e-05 0.0438494
3.0 50.00000 -1.86000 0.17654E+01 1.97546e-05 2.24233e-05 2.24233e-05 0.0439093
3.0 50.00000 -1.86000 0.17751E+01 1.58212e-05 1.80481e-05 1.80481e-05 0.0546111
3.0 50.00000 -1.86000 0.17848E+01 1.62912e-05 1.86835e-05 1.86835e-05 0.0490598
3.0 50.00000 -1.86000 0.17944E+01 1.38372e-05 1.59512e-05 1.59512e-05 0.0538968
3.0 50.00000 -1.86000 0.18040E+01 1.32888e-05 1.54149e-05 1.54149e-05 0.0559754
3.0 50.00000 -1.86000 0.18136E+01 1.25715e-05 1.46684e-05 1.46684e-05 0.0600769
3.0 50.00000 -1.86000 0.18231E+01 1.11032e-05 1.30314e-05 1.30314e-05 0.0652707
3.0 50.00000 -1.86000 0.18325E+01 9.5131e-06 1.12166e-05 1.12166e-05 0.0717996
3.0 50.00000 -1.86000 0.18419E+01 9.33134e-06 1.10482e-05 1.10482e-05 0.0648426
3.0 50.00000 -1.86000 0.18513E+01 7.35081e-06 8.73707e-06 8.73707e-06 0.0788623
3.0 50.00000 -1.86000 0.18606E+01 6.20866e-06 7.40889e-06 7.40889e-06 0.0958811
3.0 50.00000 -1.86000 0.18699E+01 6.41363e-06 7.68049e-06 7.68049e-06 0.0787575
3.0 50.00000 -1.86000 0.18791E+01 5.68161e-06 6.8238e-06 6.8238e-06 0.102389
3.0 50.00000 -1.86000 0.18883E+01 5.58007e-06 6.7186e-06 6.7186e-06 0.0873934
3.0 50.00000 -1.86000 0.18974E+01 4.46057e-06 5.38212e-06 5.38212e-06 0.0997912
3.0 50.00000 -1.86000 0.19065E+01 3.69736e-06 4.47041e-06 4.47041e-06 0.109667
3.0 50.00000 -1.86000 0.19156E+01 3.66264e-06 4.43656e-06 4.43656e-06 0.10949
3.0 50.00000 -1.86000 0.19246E+01 3.14677e-06 3.81527e-06 3.81527e-06 0.124585
3.0 50.00000 -1.86000 0.19336E+01 2.22283e-06 2.69355e-06 2.69355e-06 0.150733
3.0 50.00000 -1.86000 0.19425E+01 2.77212e-06 3.35403e-06 3.35403e-06 0.123775
3.0 50.00000 -1.86000 0.19514E+01 1.78215e-06 2.14898e-06 2.14898e-06 0.16796
3.0 50.00000 -1.86000 0.19602E+01 1.82224e-06 2.18487e-06 2.18487e-06 0.175932
3.0 50.00000 -1.86000 0.19691E+01 1.58288e-06 1.89119e-06 1.89119e-06 0.198678
3.0 50.00000 -1.86000 0.19778E+01 1.82839e-06 2.19011e-06 2.19011e-06 0.169754
3.0 50.00000 -1.86000 0.19865E+01 1.01729e-06 1.22563e-06 1.22563e-06 0.501991
3.0 50.00000 -1.86000 0.19952E+01 9.84029e-07 1.18567e-06 1.18567e-06 0.304455
3.0 50.00000 -1.86000 0.20039E+01 2.17783e-07 2.6237e-07 2.6237e-07 1.42763
3.0 50.00000 -1.86000 0.20125E+01 1.36623e-06 1.64478e-06 1.64478e-06 0.251579
3.0 50.00000 -1.86000 0.20210E+01 5.74966e-07 6.91904e-07 6.91904e-07 0.536322
3.0 50.00000 -2.17000 0.19787E+01 1.0825e-06 1.29765e-06 1.29765e-06 0.296604
3.0 50.00000 -2.17000 0.19907E+01 8.20957e-07 9.89185e-07 9.89185e-07 0.298916
3.0 50.00000 -2.17000 0.20026E+01 1.41474e-06 1.70439e-06 1.70439e-06 0.161194
3.0 50.00000 -2.17000 0.20145E+01 6.94953e-07 8.36575e-07 8.36575e-07 0.294732
3.0 50.00000 -2.17000 0.20263E+01 1.13855e-06 1.36954e-06 1.36954e-06 0.180134
3.0 50.00000 -2.17000 0.20380E+01 5.40948e-07 6.49818e-07 6.49818e-07 0.360986
3.0 50.00000 -2.17000 0.20496E+01 5.96388e-07 7.15409e-07 7.15409e-07 0.283564
3.0 50.00000 -2.17000 0.20612E+01 7.61293e-07 9.12056e-07 9.12056e-07 0.223206
3.0 50.00000 -2.17000 0.20727E+01 5.99645e-07 7.17152e-07 7.17152e-07 0.24082
3.0 50.00000 -2.17000 0.20841E+01 3.25549e-07 3.88959e-07 3.88959e-07 0.391797
3.0 50.00000 -2.17000 0.20954E+01 5.52613e-07 6.5974e-07 6.5974e-07 0.276765
3.0 50.00000 -2.17000 0.21067E+01 1.28238e-07 1.52953e-07 1.52953e-07 0.878126
3.0 50.00000 -2.17000 0.21179E+01 2.05149e-07 2.44586e-07 2.44586e-07 0.491734
3.0 50.00000 -2.17000 0.21291E+01 1.80842e-07 2.15701e-07 2.15701e-07 0.635387
3.0 50.00000 -2.17000 0.21401E+01 2.53611e-07 3.02441e-07 3.02441e-07 0.395587
3.0 50.00000 -2.17000 0.21511E+01 2.29495e-07 2.73755e-07 2.73755e-07 0.425049
3.0 50.00000 -2.17000 0.21621E+01 1.03481e-07 1.236e-07 1.236e-07 0.771316
3.0 50.00000 -2.17000 0.21729E+01 1.5441e-07 1.84546e-07 1.84546e-07 0.520396
3.0 50.00000 -2.17000 0.21837E+01 7.7817e-08 9.30324e-08 9.30324e-08 0.86195
3.0 50.00000 -2.17000 0.21945E+01 1.31542e-07 1.57606e-07 1.57606e-07 0.590948
3.0 50.00000 -2.17000 0.22052E+01 5.25934e-08 6.30861e-08 6.30861e-08 1.18509
3.0 50.00000 -2.17000 0.22158E+01 1.0526e-07 1.26334e-07 1.26334e-07 0.693987
3.0 50.00000 -2.17000 0.22263E+01 2.8282e-08 3.40091e-08 3.40091e-08 2.4321
3.0 50.00000 -2.17000 0.22472E+01 1.05685e-07 1.27395e-07 1.27395e-07 0.60582
3.0 50.00000 -2.17000 0.22576E+01 8.14195e-08 9.82879e-08 9.82879e-08 0.735078
3.0 50.00000 -2.17000 0.22679E+01 8.26612e-08 9.99303e-08 9.99303e-08 0.860167
3.0 50.00000 -2.17000 0.22782E+01 5.48987e-08 6.64409e-08 6.64409e-08 0.707105
3.0 50.00000 -2.17000 0.22883E+01 5.67639e-08 6.87592e-08 6.87592e-08 0.707105
3.0 50.00000 -2.17000 0.22985E+01 3.08233e-08 3.73904e-08 3.73904e-08 1
3.0 50.00000 -2.17000 0.23085E+01 3.41249e-08 4.14455e-08 4.14455e-08 1.67048
3.0 50.00000 -2.17000 0.23482E+01 5.05988e-08 6.1705e-08 6.1705e-08 1
