4.0 18.00000 -3.74000 0.34129E+01 0.0835901 0.0887261 0.0887261 0.00607981
4.0 18.00000 -3.74000 0.34384E+01 0.0823375 0.087726 0.087726 0.00588597
4.0 18.00000 -3.74000 0.34634E+01 0.0804432 0.0860229 0.0860229 0.00569359
4.0 18.00000 -3.74000 0.34879E+01 0.0802414 0.0861278 0.0861278 0.00559057
4.0 18.00000 -3.74000 0.35118E+01 0.0773046 0.083316 0.083316 0.00553845
4.0 18.00000 -3.74000 0.35352E+01 0.0764396 0.0826679 0.0826679 0.00549366
4.0 18.00000 -3.74000 0.35582E+01 0.0743756 0.0807118 0.0807118 0.00548072
4.0 18.00000 -3.74000 0.35807E+01 0.0731383 0.0796607 0.0796607 0.0054437
4.0 18.00000 -3.74000 0.36027E+01 0.0700141 0.0765166 0.0765166 0.00549851
4.0 18.00000 -3.74000 0.36243E+01 0.0688588 0.0754394 0.0754394 0.00553483
4.0 18.00000 -3.74000 0.36455E+01 0.0667363 0.0733685 0.0733685 0.00564276
4.0 18.00000 -3.74000 0.36663E+01 0.0647714 0.0714754 0.0714754 0.00578083
4.0 18.00000 -3.74000 0.36866E+01 0.0630115 0.0697232 0.0697232 0.00591322
4.0 18.00000 -3.74000 0.37066E+01 0.0616817 0.0684686 0.0684686 0.00602389
4.0 18.00000 -3.74000 0.37262E+01 0.0590833 0.0657565 0.0657565 0.00616882
4.0 18.00000 -3.74000 0.37454E+01 0.0576994 0.0643889 0.0643889 0.00631669
4.0 18.00000 -3.74000 0.37642E+01 0.0554462 0.0620417 0.0620417 0.00650921
4.0 18.00000 -3.74000 0.37827E+01 0.0538997 0.0604665 0.0604665 0.00666951
4.0 18.00000 -3.74000 0.38009E+01 0.0527736 0.0593551 0.0593551 0.0067969
4.0 18.00000 -3.74000 0.38187E+01 0.0516647 0.0582927 0.0582927 0.00697055
4.0 18.00000 -3.74000 0.38363E+01 0.0502034 0.056769 0.056769 0.00713259
4.0 18.00000 -3.74000 0.38535E+01 0.0487434 0.0552268 0.0552268 0.00732165
4.0 18.00000 -3.74000 0.38704E+01 0.0468709 0.0531644 0.0531644 0.00763057
4.0 18.00000 -3.74000 0.38870E+01 0.0458528 0.0520956 0.0520956 0.00791067
4.0 18.00000 -3.74000 0.39033E+01 0.0445033 0.0506622 0.0506622 0.00823457
4.0 18.00000 -3.74000 0.39193E+01 0.0429385 0.0489502 0.0489502 0.00859574
4.0 18.00000 -3.74000 0.39351E+01 0.0407455 0.046516 0.046516 0.00913296
4.0 18.00000 -3.74000 0.39506E+01 0.0395676 0.0452149 0.0452149 0.00948885
4.0 18.00000 -3.74000 0.39658E+01 0.0388055 0.0443985 0.0443985 0.00999602
4.0 18.00000 -3.74000 0.39808E+01 0.036615 0.0419357 0.0419357 0.0105637
4.0 18.00000 -3.74000 0.39955E+01 0.0355278 0.0407449 0.0407449 0.0111886
4.0 18.00000 -3.74000 0.40100E+01 0.0347526 0.0398857 0.0398857 0.0117466
4.0 18.00000 -3.74000 0.40243E+01 0.0342086 0.0393212 0.0393212 0.0124759
4.0 18.00000 -3.74000 0.40383E+01 0.0330146 0.0379982 0.0379982 0.0132942
4.0 18.00000 -3.74000 0.40521E+01 0.0319521 0.0368211 0.0368211 0.0141643
4.0 18.00000 -3.74000 0.40657E+01 0.0315953 0.036447 0.036447 0.0151337
4.0 18.00000 -4.37000 0.39918E+01 0.0347132 0.0398038 0.0398038 0.00599535
4.0 18.00000 -4.37000 0.40291E+01 0.0326197 0.0375144 0.0375144 0.00584679
4.0 18.00000 -4.37000 0.40648E+01 0.0300863 0.0346998 0.0346998 0.00580267
4.0 18.00000 -4.37000 0.40990E+01 0.0276511 0.0319964 0.0319964 0.0058781
4.0 18.00000 -4.37000 0.41319E+01 0.0258562 0.0300113 0.0300113 0.00599855
4.0 18.00000 -4.37000 0.41635E+01 0.0242076 0.0281632 0.0281632 0.00617243
4.0 18.00000 -4.37000 0.41940E+01 0.0229208 0.0267129 0.0267129 0.00645315
4.0 18.00000 -4.37000 0.42233E+01 0.0216007 0.0251715 0.0251715 0.00672532
4.0 18.00000 -4.37000 0.42515E+01 0.0198915 0.0232389 0.0232389 0.00714304
4.0 18.00000 -4.37000 0.42787E+01 0.0186845 0.0219354 0.0219354 0.00745098
4.0 18.00000 -4.37000 0.43049E+01 0.0175083 0.0207203 0.0207203 0.00778034
4.0 18.00000 -4.37000 0.43303E+01 0.0169279 0.02027 0.02027 0.00802474
4.0 18.00000 -4.37000 0.43548E+01 0.0159283 0.0193104 0.0193104 0.00836505
4.0 18.00000 -4.37000 0.43784E+01 0.0149533 0.0183541 0.0183541 0.00881114
4.0 18.00000 -4.37000 0.44013E+01 0.014058 0.0174604 0.0174604 0.00921216
4.0 18.00000 -4.37000 0.44234E+01 0.0131446 0.016515 0.016515 0.00962811
4.0 18.00000 -4.37000 0.44448E+01 0.0121631 0.0154439 0.0154439 0.0102885
4.0 18.00000 -4.37000 0.44656E+01 0.0111186 0.0142463 0.0142463 0.0108275
4.0 18.00000 -4.37000 0.44857E+01 0.00954387 0.0123242 0.0123242 0.0118844
4.0 18.00000 -4.37000 0.45052E+01 0.00855242 0.0111184 0.0111184 0.0127246
4.0 18.00000 -4.37000 0.45241E+01 0.00783542 0.0102465 0.0102465 0.0134878
4.0 18.00000 -4.37000 0.45425E+01 0.00677581 0.00890752 0.00890752 0.0148006
4.0 18.00000 -4.37000 0.45603E+01 0.0061246 0.00808772 0.00808772 0.015866
4.0 18.00000 -4.37000 0.45776E+01 0.00517506 0.00686461 0.00686461 0.0174909
4.0 18.00000 -4.37000 0.45944E+01 0.00443892 0.00591102 0.00591102 0.0191735
4.0 18.00000 -4.37000 0.46108E+01 0.00374589 0.00500521 0.00500521 0.0213638
4.0 18.00000 -4.37000 0.46267E+01 0.00325505 0.00436166 0.00436166 0.0240305
4.0 18.00000 -4.37000 0.46421E+01 0.00286423 0.0038467 0.0038467 0.0269563
4.0 18.00000 -4.37000 0.46572E+01 0.00247333 0.00332867 0.00332867 0.0305651
4.0 18.00000 -4.37000 0.46718E+01 0.00201658 0.00271958 0.00271958 0.0354765
4.0 18.00000 -4.37000 0.46861E+01 0.00186837 0.0025232 0.0025232 0.0391658
4.0 18.00000 -4.37000 0.47000E+01 0.0015204 0.00205598 0.00205598 0.0463497
4.0 18.00000 -4.37000 0.47136E+01 0.00129386 0.00175119 0.00175119 0.0534859
4.0 18.00000 -4.37000 0.47268E+01 0.00100517 0.00136107 0.00136107 0.0654929
4.0 18.00000 -4.37000 0.47397E+01 0.00111604 0.00151142 0.00151142 0.0657113
4.0 18.00000 -4.37000 0.47522E+01 0.000843623 0.00114255 0.00114255 0.0827844
4.0 18.00000 -5.10000 0.46658E+01 0.00204547 0.0027562 0.0027562 0.00217658
4.0 18.00000 -5.10000 0.47204E+01 0.00112255 0.00151968 0.00151968 0.00277413
4.0 18.00000 -5.10000 0.47699E+01 0.000645773 0.000875157 0.000875157 0.00362212
4.0 18.00000 -5.10000 0.48149E+01 0.000402474 0.000547054 0.000547054 0.00477554
4.0 18.00000 -5.10000 0.48560E+01 0.00025405 0.000346937 0.000346937 0.0062839
4.0 18.00000 -5.10000 0.48937E+01 0.000168841 0.000231913 0.000231913 0.00800309
4.0 18.00000 -5.10000 0.49284E+01 0.000114319 0.000157975 0.000157975 0.0101816
4.0 18.00000 -5.10000 0.49605E+01 7.93025e-05 0.000110198 0.000110198 0.0126243
4.0 18.00000 -5.10000 0.49901E+01 5.4946e-05 7.673e-05 7.673e-05 0.0156083
4.0 18.00000 -5.10000 0.50177E+01 3.56816e-05 5.00862e-05 5.00862e-05 0.0201998
4.0 18.00000 -5.10000 0.50434E+01 2.6132e-05 3.69332e-05 3.69332e-05 0.0241776
4.0 18.00000 -5.10000 0.50674E+01 1.63395e-05 2.32489e-05 2.32489e-05 0.0317643
4.0 18.00000 -5.10000 0.50898E+01 1.13935e-05 1.63194e-05 1.63194e-05 0.0390881
4.0 18.00000 -5.10000 0.51109E+01 8.29868e-06 1.19653e-05 1.19653e-05 0.046972
4.0 18.00000 -5.10000 0.51306E+01 5.4557e-06 7.91685e-06 7.91685e-06 0.0597778
4.0 18.00000 -5.10000 0.51493E+01 3.26867e-06 4.77358e-06 4.77358e-06 0.0818861
4.0 18.00000 -5.10000 0.51668E+01 2.26915e-06 3.33486e-06 3.33486e-06 0.100149
4.0 18.00000 -5.10000 0.51834E+01 1.23017e-06 1.81936e-06 1.81936e-06 0.14801
4.0 18.00000 -5.10000 0.51991E+01 8.22515e-07 1.22408e-06 1.22408e-06 0.192002
4.0 18.00000 -5.10000 0.52139E+01 7.30673e-07 1.09424e-06 1.09424e-06 0.189151
4.0 18.00000 -5.10000 0.52281E+01 4.36039e-07 6.5724e-07 6.5724e-07 0.261968
4.0 18.00000 -5.10000 0.52415E+01 4.56415e-07 6.92463e-07 6.92463e-07 0.228387
4.0 18.00000 -5.10000 0.52542E+01 1.71518e-07 2.61946e-07 2.61946e-07 0.468989
4.0 18.00000 -5.10000 0.52664E+01 2.34437e-07 3.60513e-07 3.60513e-07 0.366207
4.0 18.00000 -5.10000 0.52890E+01 8.83897e-08 1.3796e-07 1.3796e-07 0.634723
4.0 18.00000 -5.10000 0.52996E+01 7.5677e-08 1.19114e-07 1.19114e-07 0.629274
4.0 18.00000 -5.10000 0.53194E+01 3.56839e-08 5.7301e-08 5.7301e-08 1.08096
4.0 18.00000 -5.10000 0.53286E+01 4.83515e-08 7.85612e-08 7.85612e-08 0.737695
4.0 18.00000 -5.10000 0.53375E+01 1.49715e-07 6.38754e-08 6.38754e-08 1.32319
4.0 18.00000 -5.10000 0.53461E+01 0 0 0 0.737653
4.0 22.00000 -3.44000 0.31384E+01 0.0231399 0.0250769 0.0250769 0.006276
4.0 22.00000 -3.44000 0.31604E+01 0.0228365 0.0248441 0.0248441 0.00606397
4.0 22.00000 -3.44000 0.31821E+01 0.021595 0.0235847 0.0235847 0.00591465
4.0 22.00000 -3.44000 0.32035E+01 0.0214636 0.0235054 0.0235054 0.00580176
4.0 22.00000 -3.44000 0.32245E+01 0.0208528 0.0229163 0.0229163 0.00575196
4.0 22.00000 -3.44000 0.32451E+01 0.0198986 0.0219366 0.0219366 0.00572595
4.0 22.00000 -3.44000 0.32654E+01 0.0192965 0.0213388 0.0213388 0.00570884
4.0 22.00000 -3.44000 0.32854E+01 0.0185033 0.0205211 0.0205211 0.00571917
4.0 22.00000 -3.44000 0.33051E+01 0.0177573 0.0197633 0.0197633 0.00577863
4.0 22.00000 -3.44000 0.33245E+01 0.0170723 0.0190611 0.0190611 0.00585255
4.0 22.00000 -3.44000 0.33435E+01 0.0163759 0.0183376 0.0183376 0.00601247
4.0 22.00000 -3.44000 0.33623E+01 0.0155955 0.0175091 0.0175091 0.00619256
4.0 22.00000 -3.44000 0.33808E+01 0.0152082 0.0171122 0.0171122 0.00634096
4.0 22.00000 -3.44000 0.33990E+01 0.0143101 0.0161436 0.0161436 0.00653755
4.0 22.00000 -3.44000 0.34169E+01 0.0137663 0.0155826 0.0155826 0.0067062
4.0 22.00000 -3.44000 0.34345E+01 0.0131782 0.0149546 0.0149546 0.00692994
4.0 22.00000 -3.44000 0.34519E+01 0.0126691 0.0144158 0.0144158 0.00710818
4.0 22.00000 -3.44000 0.34691E+01 0.0123057 0.0140064 0.0140064 0.00731225
4.0 22.00000 -3.44000 0.34859E+01 0.0118817 0.0135661 0.0135661 0.00744868
4.0 22.00000 -3.44000 0.35026E+01 0.0113421 0.0129739 0.0129739 0.00771229
4.0 22.00000 -3.44000 0.35190E+01 0.0106731 0.0122337 0.0122337 0.00798137
4.0 22.00000 -3.44000 0.35351E+01 0.0102336 0.0117418 0.0117418 0.00822119
4.0 22.00000 -3.44000 0.35510E+01 0.00966048 0.0111029 0.0111029 0.00850078
4.0 22.00000 -3.44000 0.35667E+01 0.00945156 0.0108809 0.0108809 0.00878597
4.0 22.00000 -3.44000 0.35822E+01 0.00889969 0.0102589 0.0102589 0.00927959
4.0 22.00000 -3.44000 0.35975E+01 0.00855967 0.00987518 0.00987518 0.00971169
4.0 22.00000 -3.44000 0.36125E+01 0.00812491 0.00938794 0.00938794 0.0102842
4.0 22.00000 -3.44000 0.36274E+01 0.00782387 0.00905096 0.00905096 0.0106688
4.0 22.00000 -3.44000 0.36420E+01 0.00769558 0.00891679 0.00891679 0.0112235
4.0 22.00000 -3.44000 0.36565E+01 0.0072417 0.00839853 0.00839853 0.0119124
4.0 22.00000 -3.44000 0.36707E+01 0.00702727 0.00815852 0.00815852 0.0126678
4.0 22.00000 -3.44000 0.36848E+01 0.00659142 0.0076611 0.0076611 0.0135812
4.0 22.00000 -3.44000 0.36986E+01 0.00641434 0.00745947 0.00745947 0.0144262
4.0 22.00000 -3.44000 0.37123E+01 0.00611957 0.00712229 0.00712229 0.0155646
4.0 22.00000 -3.44000 0.37258E+01 0.00591184 0.00688476 0.00688476 0.0166332
4.0 22.00000 -3.44000 0.37392E+01 0.00566364 0.00659781 0.00659781 0.0177078
4.0 22.00000 -4.02000 0.36696E+01 0.00666457 0.00773676 0.00773676 0.00713745
4.0 22.00000 -4.02000 0.36993E+01 0.00628755 0.00731265 0.00731265 0.00698253
4.0 22.00000 -4.02000 0.37281E+01 0.00582547 0.00678409 0.00678409 0.00695865
4.0 22.00000 -4.02000 0.37562E+01 0.00525908 0.00613301 0.00613301 0.007048
4.0 22.00000 -4.02000 0.37834E+01 0.0049973 0.00583592 0.00583592 0.0071037
4.0 22.00000 -4.02000 0.38100E+01 0.0045448 0.00532668 0.00532668 0.00725526
4.0 22.00000 -4.02000 0.38358E+01 0.00420756 0.00495898 0.00495898 0.0075189
4.0 22.00000 -4.02000 0.38610E+01 0.0039273 0.00466645 0.00466645 0.00788694
4.0 22.00000 -4.02000 0.38856E+01 0.00367689 0.0044062 0.0044062 0.00823673
4.0 22.00000 -4.02000 0.39095E+01 0.00333763 0.00402909 0.00402909 0.00871687
4.0 22.00000 -4.02000 0.39328E+01 0.00309059 0.00376073 0.00376073 0.00913205
4.0 22.00000 -4.02000 0.39555E+01 0.00279441 0.00343195 0.00343195 0.00971571
4.0 22.00000 -4.02000 0.39777E+01 0.00253156 0.00313554 0.00313554 0.0102514
4.0 22.00000 -4.02000 0.39993E+01 0.00233628 0.0029178 0.0029178 0.0108177
4.0 22.00000 -4.02000 0.40204E+01 0.00209578 0.00263599 0.00263599 0.0115293
4.0 22.00000 -4.02000 0.40410E+01 0.00193102 0.00244509 0.00244509 0.0121838
4.0 22.00000 -4.02000 0.40612E+01 0.00166512 0.00212053 0.00212053 0.0132119
4.0 22.00000 -4.02000 0.40808E+01 0.00146176 0.00187066 0.00187066 0.0143439
4.0 22.00000 -4.02000 0.41001E+01 0.00133577 0.00171805 0.00171805 0.0151313
4.0 22.00000 -4.02000 0.41189E+01 0.00109874 0.00141878 0.00141878 0.0169575
4.0 22.00000 -4.02000 0.41372E+01 0.000976328 0.00126605 0.00126605 0.0181889
4.0 22.00000 -4.02000 0.41552E+01 0.00084079 0.0010938 0.0010938 0.0198585
4.0 22.00000 -4.02000 0.41728E+01 0.000703534 0.00091836 0.00091836 0.0218527
4.0 22.00000 -4.02000 0.41900E+01 0.000607325 0.000794988 0.000794988 0.0239633
4.0 22.00000 -4.02000 0.42068E+01 0.0005259 0.000690127 0.000690127 0.0263091
4.0 22.00000 -4.02000 0.42233E+01 0.000454266 0.000597233 0.000597233 0.0285193
4.0 22.00000 -4.02000 0.42394E+01 0.000370894 0.000488144 0.000488144 0.0326947
4.0 22.00000 -4.02000 0.42552E+01 0.000332517 0.000438237 0.000438237 0.0358547
4.0 22.00000 -4.02000 0.42707E+01 0.000292674 0.000386236 0.000386236 0.040249
4.0 22.00000 -4.02000 0.42858E+01 0.000236676 0.00031267 0.00031267 0.0465469
4.0 22.00000 -4.02000 0.43007E+01 0.00019681 0.000260222 0.000260222 0.0542568
4.0 22.00000 -4.02000 0.43152E+01 0.000194408 0.000257227 0.000257227 0.0574602
4.0 22.00000 -4.02000 0.43295E+01 0.000146908 0.000194448 0.000194448 0.0709702
4.0 22.00000 -4.02000 0.43435E+01 0.000133575 0.000176854 0.000176854 0.0785527
4.0 22.00000 -4.02000 0.43572E+01 0.000116537 0.000154319 0.000154319 0.0896433
4.0 22.00000 -4.02000 0.43707E+01 9.17619e-05 0.000121499 0.000121499 0.108659
4.0 22.00000 -4.65300 0.42550E+01 0.000310545 0.000409248 0.000409248 0.00725526
4.0 22.00000 -4.65300 0.43028E+01 0.000195089 0.000257966 0.000257966 0.00854709
4.0 22.00000 -4.65300 0.43477E+01 0.000124522 0.00016488 0.00016488 0.0103794
4.0 22.00000 -4.65300 0.43899E+01 7.96431e-05 0.000105533 0.000105533 0.0130475
4.0 22.00000 -4.65300 0.44297E+01 5.51137e-05 7.32132e-05 7.32132e-05 0.0160792
4.0 22.00000 -4.65300 0.44672E+01 3.60637e-05 4.81041e-05 4.81041e-05 0.020594
4.0 22.00000 -4.65300 0.45027E+01 2.54909e-05 3.41679e-05 3.41679e-05 0.0250038
4.0 22.00000 -4.65300 0.45363E+01 1.69302e-05 2.28129e-05 2.28129e-05 0.0317159
4.0 22.00000 -4.65300 0.45682E+01 1.30981e-05 1.77438e-05 1.77438e-05 0.03643
4.0 22.00000 -4.65300 0.45984E+01 8.92191e-06 1.21497e-05 1.21497e-05 0.0452859
4.0 22.00000 -4.65300 0.46272E+01 5.80269e-06 7.93959e-06 7.93959e-06 0.0583284
4.0 22.00000 -4.65300 0.46546E+01 4.71414e-06 6.48055e-06 6.48055e-06 0.0652281
4.0 22.00000 -4.65300 0.46807E+01 3.0539e-06 4.21595e-06 4.21595e-06 0.0847927
4.0 22.00000 -4.65300 0.47056E+01 2.71187e-06 3.75861e-06 3.75861e-06 0.0887718
4.0 22.00000 -4.65300 0.47293E+01 1.52038e-06 2.11769e-06 2.11769e-06 0.125154
4.0 22.00000 -4.65300 0.47521E+01 9.29306e-07 1.30112e-06 1.30112e-06 0.161807
4.0 22.00000 -4.65300 0.47738E+01 6.04888e-07 8.51234e-07 8.51234e-07 0.232359
4.0 22.00000 -4.65300 0.47947E+01 7.15768e-07 1.0123e-06 1.0123e-06 0.187693
4.0 22.00000 -4.65300 0.48147E+01 3.21267e-07 4.56669e-07 4.56669e-07 0.320804
4.0 22.00000 -4.65300 0.48339E+01 2.62304e-07 3.74674e-07 3.74674e-07 0.349439
4.0 22.00000 -4.65300 0.48523E+01 8.6882e-08 1.24712e-07 1.24712e-07 0.898678
4.0 22.00000 -4.65300 0.48700E+01 1.43355e-07 2.0674e-07 2.0674e-07 0.435274
4.0 22.00000 -4.65300 0.48870E+01 9.65838e-08 1.39968e-07 1.39968e-07 0.604732
4.0 22.00000 -4.65300 0.49034E+01 6.18191e-08 9.00006e-08 9.00006e-08 0.784541
4.0 22.00000 -4.65300 0.49192E+01 5.02913e-08 7.35492e-08 7.35492e-08 0.854804
4.0 22.00000 -4.65300 0.49345E+01 7.00668e-09 1.02942e-08 1.02942e-08 5.6446
4.0 22.00000 -4.65300 0.49492E+01 3.65515e-09 5.39444e-09 5.39444e-09 7.96106
4.0 22.00000 -4.65300 0.49633E+01 1.25397e-07 1.85901e-07 1.85901e-07 0.455264
4.0 22.00000 -4.65300 0.49903E+01 6.12028e-08 9.15505e-08 9.15505e-08 0.73854
4.0 22.00000 -4.65300 0.50275E+01 5.63603e-08 8.54423e-08 8.54423e-08 1.08684
4.0 26.00000 -3.17000 0.28916E+01 0.00677038 0.00747595 0.00747595 0.00832207
4.0 26.00000 -3.17000 0.29110E+01 0.0066879 0.00740411 0.00740411 0.00803532
4.0 26.00000 -3.17000 0.29302E+01 0.00634326 0.0070467 0.0070467 0.00786999
4.0 26.00000 -3.17000 0.29492E+01 0.00596322 0.00664728 0.00664728 0.00779853
4.0 26.00000 -3.17000 0.29679E+01 0.00591506 0.006615 0.006615 0.00765517
4.0 26.00000 -3.17000 0.29863E+01 0.00559643 0.00627912 0.00627912 0.00765838
4.0 26.00000 -3.17000 0.30045E+01 0.00519067 0.00583836 0.00583836 0.00775435
4.0 26.00000 -3.17000 0.30225E+01 0.00501309 0.00565056 0.00565056 0.00775043
4.0 26.00000 -3.17000 0.30403E+01 0.00477152 0.00539257 0.00539257 0.00787522
4.0 26.00000 -3.17000 0.30578E+01 0.00453001 0.00513698 0.00513698 0.00806504
4.0 26.00000 -3.17000 0.30751E+01 0.00434553 0.00494308 0.00494308 0.00834797
4.0 26.00000 -3.17000 0.30921E+01 0.00409958 0.00466606 0.00466606 0.00859953
4.0 26.00000 -3.17000 0.31090E+01 0.00385428 0.00439492 0.00439492 0.00891344
4.0 26.00000 -3.17000 0.31256E+01 0.00370433 0.00423763 0.00423763 0.00911666
4.0 26.00000 -3.17000 0.31421E+01 0.00343072 0.00393214 0.00393214 0.00954231
4.0 26.00000 -3.17000 0.31583E+01 0.00317474 0.00364553 0.00364553 0.00995847
4.0 26.00000 -3.17000 0.31743E+01 0.00313231 0.00360318 0.00360318 0.01011
4.0 26.00000 -3.17000 0.31901E+01 0.00289414 0.00333447 0.00333447 0.0105311
4.0 26.00000 -3.17000 0.32058E+01 0.00275018 0.00317385 0.00317385 0.0108648
4.0 26.00000 -3.17000 0.32212E+01 0.0026849 0.00310221 0.00310221 0.0110746
4.0 26.00000 -3.17000 0.32365E+01 0.00250238 0.00289479 0.00289479 0.0115621
4.0 26.00000 -3.17000 0.32516E+01 0.00243246 0.00281739 0.00281739 0.011756
4.0 26.00000 -3.17000 0.32665E+01 0.00221355 0.00256683 0.00256683 0.0123734
4.0 26.00000 -3.17000 0.32812E+01 0.00213155 0.00247321 0.00247321 0.0128055
4.0 26.00000 -3.17000 0.32958E+01 0.00198186 0.00230154 0.00230154 0.0135471
4.0 26.00000 -3.17000 0.33102E+01 0.00191713 0.00222766 0.00222766 0.0140255
4.0 26.00000 -3.17000 0.33244E+01 0.00182825 0.00212659 0.00212659 0.0147375
4.0 26.00000 -3.17000 0.33385E+01 0.0016794 0.00195561 0.00195561 0.0158241
4.0 26.00000 -3.17000 0.33524E+01 0.00159274 0.00185677 0.00185677 0.0169513
4.0 26.00000 -3.17000 0.33661E+01 0.00153289 0.00178945 0.00178945 0.0177325
4.0 26.00000 -3.17000 0.33797E+01 0.0014577 0.001705 0.001705 0.0188562
4.0 26.00000 -3.17000 0.33931E+01 0.00135191 0.00158517 0.00158517 0.0205345
4.0 26.00000 -3.17000 0.34064E+01 0.0013156 0.00154787 0.00154787 0.0218309
4.0 26.00000 -3.17000 0.34195E+01 0.00130607 0.00154215 0.00154215 0.0228029
4.0 26.00000 -3.17000 0.34325E+01 0.00115996 0.00137429 0.00137429 0.0255942
4.0 26.00000 -3.17000 0.34454E+01 0.00115379 0.00137151 0.00137151 0.0269656
4.0 26.00000 -3.70000 0.33763E+01 0.00144162 0.00168504 0.00168504 0.0059002
4.0 26.00000 -3.70000 0.34013E+01 0.00134439 0.00157943 0.00157943 0.0057692
4.0 26.00000 -3.70000 0.34258E+01 0.00121037 0.00143118 0.00143118 0.00577585
4.0 26.00000 -3.70000 0.34498E+01 0.00110554 0.00131584 0.00131584 0.00583638
4.0 26.00000 -3.70000 0.34733E+01 0.00101418 0.0012138 0.0012138 0.0059174
4.0 26.00000 -3.70000 0.34963E+01 0.000918798 0.00110496 0.00110496 0.00610049
4.0 26.00000 -3.70000 0.35189E+01 0.000842427 0.00102017 0.00102017 0.00626927
4.0 26.00000 -3.70000 0.35411E+01 0.000767272 0.000935915 0.000935915 0.00659659
4.0 26.00000 -3.70000 0.35628E+01 0.00068048 0.000835541 0.000835541 0.00711161
4.0 26.00000 -3.70000 0.35841E+01 0.000607549 0.000750777 0.000750777 0.00753826
4.0 26.00000 -3.70000 0.36049E+01 0.000541266 0.000673007 0.000673007 0.00810615
4.0 26.00000 -3.70000 0.36254E+01 0.000474304 0.000592616 0.000592616 0.00867726
4.0 26.00000 -3.70000 0.36455E+01 0.00041352 0.000519318 0.000519318 0.00942802
4.0 26.00000 -3.70000 0.36653E+01 0.000363058 0.000457725 0.000457725 0.0101267
4.0 26.00000 -3.70000 0.36846E+01 0.000314178 0.000397772 0.000397772 0.0111444
4.0 26.00000 -3.70000 0.37036E+01 0.000275706 0.000350409 0.000350409 0.0119117
4.0 26.00000 -3.70000 0.37223E+01 0.000231601 0.000295291 0.000295291 0.0131726
4.0 26.00000 -3.70000 0.37406E+01 0.000202717 0.00025929 0.00025929 0.014028
4.0 26.00000 -3.70000 0.37586E+01 0.000175257 0.000224806 0.000224806 0.0154356
4.0 26.00000 -3.70000 0.37763E+01 0.000148773 0.000191321 0.000191321 0.0167223
4.0 26.00000 -3.70000 0.37937E+01 0.000125611 0.000161868 0.000161868 0.0187023
4.0 26.00000 -3.70000 0.38108E+01 0.0001106 0.000142763 0.000142763 0.020435
4.0 26.00000 -3.70000 0.38276E+01 9.33578e-05 0.000120641 0.000120641 0.0219139
4.0 26.00000 -3.70000 0.38440E+01 7.66319e-05 9.9058e-05 9.9058e-05 0.0249104
4.0 26.00000 -3.70000 0.38603E+01 6.96914e-05 9.01546e-05 9.01546e-05 0.0256187
4.0 26.00000 -3.70000 0.38762E+01 5.90619e-05 7.64813e-05 7.64813e-05 0.0281718
4.0 26.00000 -3.70000 0.38919E+01 4.92251e-05 6.37815e-05 6.37815e-05 0.0327125
4.0 26.00000 -3.70000 0.39073E+01 4.16744e-05 5.4037e-05 5.4037e-05 0.0359194
4.0 26.00000 -3.70000 0.39225E+01 3.86398e-05 5.01243e-05 5.01243e-05 0.0392279
4.0 26.00000 -3.70000 0.39374E+01 3.67628e-05 4.77079e-05 4.77079e-05 0.0406769
4.0 26.00000 -3.70000 0.39521E+01 2.78773e-05 3.61874e-05 3.61874e-05 0.0505069
4.0 26.00000 -3.70000 0.39666E+01 2.33261e-05 3.0289e-05 3.0289e-05 0.0594883
4.0 26.00000 -3.70000 0.39808E+01 2.03176e-05 2.63911e-05 2.63911e-05 0.0671396
4.0 26.00000 -3.70000 0.39948E+01 1.92973e-05 2.50668e-05 2.50668e-05 0.0743895
4.0 26.00000 -3.70000 0.40086E+01 1.47337e-05 1.91517e-05 1.91517e-05 0.0912569
4.0 26.00000 -3.70000 0.40222E+01 1.47635e-05 1.92082e-05 1.92082e-05 0.0950955
4.0 26.00000 -4.32000 0.39457E+01 2.95928e-05 3.84122e-05 3.84122e-05 0.0219373
4.0 26.00000 -4.32000 0.39815E+01 2.05607e-05 2.6707e-05 2.6707e-05 0.0246297
4.0 26.00000 -4.32000 0.40160E+01 1.47938e-05 1.92387e-05 1.92387e-05 0.0277641
4.0 26.00000 -4.32000 0.40492E+01 1.07875e-05 1.40652e-05 1.40652e-05 0.0318381
4.0 26.00000 -4.32000 0.40812E+01 7.31677e-06 9.57329e-06 9.57329e-06 0.0391748
4.0 26.00000 -4.32000 0.41120E+01 5.59696e-06 7.35252e-06 7.35252e-06 0.045148
4.0 26.00000 -4.32000 0.41417E+01 4.33257e-06 5.71509e-06 5.71509e-06 0.0528602
4.0 26.00000 -4.32000 0.41703E+01 2.92501e-06 3.87631e-06 3.87631e-06 0.0656966
4.0 26.00000 -4.32000 0.41980E+01 2.2106e-06 2.9423e-06 2.9423e-06 0.0750509
4.0 26.00000 -4.32000 0.42247E+01 1.65297e-06 2.20941e-06 2.20941e-06 0.0896442
4.0 26.00000 -4.32000 0.42505E+01 1.26445e-06 1.69765e-06 1.69765e-06 0.104088
4.0 26.00000 -4.32000 0.42754E+01 1.05035e-06 1.41606e-06 1.41606e-06 0.108272
4.0 26.00000 -4.32000 0.42996E+01 7.64364e-07 1.03455e-06 1.03455e-06 0.131945
4.0 26.00000 -4.32000 0.43230E+01 5.95041e-07 8.08331e-07 8.08331e-07 0.155891
4.0 26.00000 -4.32000 0.43456E+01 3.76076e-07 5.12685e-07 5.12685e-07 0.208628
4.0 26.00000 -4.32000 0.43676E+01 2.38984e-07 3.26918e-07 3.26918e-07 0.277628
4.0 26.00000 -4.32000 0.43888E+01 2.16789e-07 2.97555e-07 2.97555e-07 0.294367
4.0 26.00000 -4.32000 0.44095E+01 9.59526e-08 1.32197e-07 1.32197e-07 0.523426
4.0 26.00000 -4.32000 0.44295E+01 1.31887e-07 1.82447e-07 1.82447e-07 0.396548
4.0 26.00000 -4.32000 0.44490E+01 7.17451e-08 9.96373e-08 9.96373e-08 0.514636
4.0 26.00000 -4.32000 0.44679E+01 1.53793e-07 2.14416e-07 2.14416e-07 0.325605
4.0 26.00000 -4.32000 0.44862E+01 3.49055e-08 4.88505e-08 4.88505e-08 0.892234
4.0 26.00000 -4.32000 0.45383E+01 1.8503e-08 2.61984e-08 2.61984e-08 1.26033
4.0 26.00000 -4.32000 0.45547E+01 3.00429e-08 4.26949e-08 4.26949e-08 0.796884
4.0 26.00000 -4.32000 0.46015E+01 1.663e-08 2.38931e-08 2.38931e-08 1.24046
4.0 32.00000 -2.29000 0.20882E+01 0.00467157 0.00483537 0.00483537 0.007928
4.0 32.00000 -2.29000 0.21010E+01 0.00465438 0.0048283 0.0048283 0.00758354
4.0 32.00000 -2.29000 0.21137E+01 0.00458496 0.00476779 0.00476779 0.00731165
4.0 32.00000 -2.29000 0.21263E+01 0.00443484 0.0046219 0.0046219 0.00718971
4.0 32.00000 -2.29000 0.21388E+01 0.00437628 0.00457227 0.00457227 0.00706736
4.0 32.00000 -2.29000 0.21513E+01 0.00420774 0.00440675 0.00440675 0.00693441
4.0 32.00000 -2.29000 0.21636E+01 0.00407524 0.00427694 0.00427694 0.00685595
4.0 32.00000 -2.29000 0.21759E+01 0.00400673 0.0042139 0.0042139 0.00677591
4.0 32.00000 -2.29000 0.21881E+01 0.00389799 0.00410732 0.00410732 0.00679303
4.0 32.00000 -2.29000 0.22002E+01 0.00373208 0.0039415 0.0039415 0.00680703
4.0 32.00000 -2.29000 0.22122E+01 0.00369173 0.00390813 0.00390813 0.00682902
4.0 32.00000 -2.29000 0.22241E+01 0.00363459 0.00385675 0.00385675 0.00692677
4.0 32.00000 -2.29000 0.22360E+01 0.00346205 0.00368164 0.00368164 0.0071034
4.0 32.00000 -2.29000 0.22478E+01 0.00335523 0.00357616 0.00357616 0.00723373
4.0 32.00000 -2.29000 0.22595E+01 0.00326169 0.00348301 0.00348301 0.00729769
4.0 32.00000 -2.29000 0.22711E+01 0.00313735 0.00335617 0.00335617 0.00752074
4.0 32.00000 -2.29000 0.22827E+01 0.00304517 0.00326489 0.00326489 0.00763406
4.0 32.00000 -2.29000 0.22941E+01 0.00293319 0.00315279 0.00315279 0.0078163
4.0 32.00000 -2.29000 0.23055E+01 0.00285183 0.00307249 0.00307249 0.00790104
4.0 32.00000 -2.29000 0.23168E+01 0.00279703 0.00301994 0.00301994 0.00804045
4.0 32.00000 -2.29000 0.23281E+01 0.0026874 0.00290642 0.00290642 0.00820411
4.0 32.00000 -2.29000 0.23393E+01 0.00263282 0.00285238 0.00285238 0.00835071
4.0 32.00000 -2.29000 0.23504E+01 0.0025564 0.00277601 0.00277601 0.00848208
4.0 32.00000 -2.29000 0.23614E+01 0.00243015 0.00264525 0.00264525 0.00877743
4.0 32.00000 -2.29000 0.23724E+01 0.0024579 0.00268162 0.00268162 0.00899561
4.0 32.00000 -2.29000 0.23833E+01 0.00228588 0.00249902 0.00249902 0.00944227
4.0 32.00000 -2.29000 0.23941E+01 0.00221964 0.00243084 0.00243084 0.00973283
4.0 32.00000 -2.29000 0.24048E+01 0.00221694 0.00243254 0.00243254 0.010047
4.0 32.00000 -2.29000 0.24155E+01 0.00208319 0.00228996 0.00228996 0.0105757
4.0 32.00000 -2.29000 0.24261E+01 0.00208357 0.00229458 0.00229458 0.0110306
4.0 32.00000 -2.29000 0.24367E+01 0.00198164 0.00218549 0.00218549 0.0116094
4.0 32.00000 -2.29000 0.24472E+01 0.00193718 0.00214034 0.00214034 0.0121622
4.0 32.00000 -2.29000 0.24576E+01 0.00188428 0.00208666 0.00208666 0.012848
4.0 32.00000 -2.29000 0.24679E+01 0.00182756 0.00202822 0.00202822 0.0135472
4.0 32.00000 -2.29000 0.24782E+01 0.00174403 0.00193976 0.00193976 0.0146395
4.0 32.00000 -2.29000 0.24884E+01 0.00171498 0.00191088 0.00191088 0.0155481
4.0 32.00000 -2.67000 0.24350E+01 0.00190402 0.00209931 0.00209931 0.0153323
4.0 32.00000 -2.67000 0.24504E+01 0.00180401 0.00199467 0.00199467 0.0150414
4.0 32.00000 -2.67000 0.24657E+01 0.00177648 0.00197065 0.00197065 0.0144827
4.0 32.00000 -2.67000 0.24808E+01 0.00165096 0.00183688 0.00183688 0.0143469
4.0 32.00000 -2.67000 0.24959E+01 0.00160155 0.00178694 0.00178694 0.0142048
4.0 32.00000 -2.67000 0.25107E+01 0.00150025 0.00167767 0.00167767 0.0142296
4.0 32.00000 -2.67000 0.25255E+01 0.0014635 0.00163965 0.00163965 0.0140561
4.0 32.00000 -2.67000 0.25401E+01 0.00134205 0.00150761 0.00150761 0.0143438
4.0 32.00000 -2.67000 0.25546E+01 0.00126948 0.00143077 0.00143077 0.0146731
4.0 32.00000 -2.67000 0.25689E+01 0.00121684 0.00137607 0.00137607 0.014969
4.0 32.00000 -2.67000 0.25831E+01 0.00116094 0.0013137 0.0013137 0.0153449
4.0 32.00000 -2.67000 0.25972E+01 0.00109519 0.00123959 0.00123959 0.0158989
4.0 32.00000 -2.67000 0.26112E+01 0.00104753 0.00119018 0.00119018 0.0162632
4.0 32.00000 -2.67000 0.26250E+01 0.000982533 0.00111849 0.00111849 0.0168665
4.0 32.00000 -2.67000 0.26387E+01 0.000933545 0.00106501 0.00106501 0.0173157
4.0 32.00000 -2.67000 0.26524E+01 0.000861289 0.000984044 0.000984044 0.0180759
4.0 32.00000 -2.67000 0.26658E+01 0.000828901 0.000948122 0.000948122 0.0186374
4.0 32.00000 -2.67000 0.26792E+01 0.000765278 0.000876249 0.000876249 0.0193732
4.0 32.00000 -2.67000 0.26925E+01 0.000752437 0.00086284 0.00086284 0.0196767
4.0 32.00000 -2.67000 0.27056E+01 0.000681479 0.000782584 0.000782584 0.0206934
4.0 32.00000 -2.67000 0.27186E+01 0.000635072 0.000729802 0.000729802 0.0214668
4.0 32.00000 -2.67000 0.27316E+01 0.000618915 0.000711794 0.000711794 0.0217609
4.0 32.00000 -2.67000 0.27444E+01 0.000573991 0.00066082 0.00066082 0.0228866
4.0 32.00000 -2.67000 0.27571E+01 0.0005232 0.000603179 0.000603179 0.0241911
4.0 32.00000 -2.67000 0.27697E+01 0.000507663 0.00058614 0.00058614 0.0249161
4.0 32.00000 -2.67000 0.27822E+01 0.000501924 0.000580379 0.000580379 0.0251748
4.0 32.00000 -2.67000 0.27946E+01 0.000450369 0.000521586 0.000521586 0.0273509
4.0 32.00000 -2.67000 0.28068E+01 0.000410795 0.000476383 0.000476383 0.0292686
4.0 32.00000 -2.67000 0.28190E+01 0.00040557 0.000471591 0.000471591 0.0307733
4.0 32.00000 -2.67000 0.28311E+01 0.000386602 0.000451022 0.000451022 0.0322987
4.0 32.00000 -2.67000 0.28431E+01 0.000387872 0.00045399 0.00045399 0.0331086
4.0 32.00000 -2.67000 0.28550E+01 0.000346036 0.000406215 0.000406215 0.0370377
4.0 32.00000 -2.67000 0.28668E+01 0.000319371 0.000375945 0.000375945 0.0401557
4.0 32.00000 -2.67000 0.28785E+01 0.00029792 0.000351512 0.000351512 0.0435376
4.0 32.00000 -2.67000 0.28901E+01 0.000316395 0.000373951 0.000373951 0.0443908
4.0 32.00000 -2.67000 0.29016E+01 0.000267836 0.000316998 0.000316998 0.0513446
4.0 32.00000 -3.13000 0.28550E+01 0.00032125 0.000377119 0.000377119 0.0118178
4.0 32.00000 -3.13000 0.28741E+01 0.000296404 0.00034942 0.00034942 0.0116364
4.0 32.00000 -3.13000 0.28930E+01 0.00027298 0.000322748 0.000322748 0.0115
4.0 32.00000 -3.13000 0.29116E+01 0.000246426 0.000291967 0.000291967 0.0116019
4.0 32.00000 -3.13000 0.29300E+01 0.000219179 0.000260723 0.000260723 0.0120226
4.0 32.00000 -3.13000 0.29481E+01 0.00020313 0.000242656 0.000242656 0.0120084
4.0 32.00000 -3.13000 0.29661E+01 0.00018173 0.000217987 0.000217987 0.0125151
4.0 32.00000 -3.13000 0.29837E+01 0.000162421 0.000195749 0.000195749 0.0130931
4.0 32.00000 -3.13000 0.30012E+01 0.000150742 0.000182479 0.000182479 0.0137016
4.0 32.00000 -3.13000 0.30184E+01 0.000132888 0.000161515 0.000161515 0.0148096
4.0 32.00000 -3.13000 0.30355E+01 0.000119422 0.000145689 0.000145689 0.0154958
4.0 32.00000 -3.13000 0.30523E+01 0.000106368 0.000130306 0.000130306 0.0166171
4.0 32.00000 -3.13000 0.30689E+01 9.43551e-05 0.000115975 0.000115975 0.0176841
4.0 32.00000 -3.13000 0.30853E+01 8.21769e-05 0.000101322 0.000101322 0.0189989
4.0 32.00000 -3.13000 0.31015E+01 7.42144e-05 9.17734e-05 9.17734e-05 0.0200192
4.0 32.00000 -3.13000 0.31176E+01 6.4689e-05 8.02315e-05 8.02315e-05 0.0216457
4.0 32.00000 -3.13000 0.31334E+01 5.78259e-05 7.19082e-05 7.19082e-05 0.0233794
4.0 32.00000 -3.13000 0.31490E+01 4.96244e-05 6.18828e-05 6.18828e-05 0.0254347
4.0 32.00000 -3.13000 0.31645E+01 4.23789e-05 5.29669e-05 5.29669e-05 0.027729
4.0 32.00000 -3.13000 0.31798E+01 3.83826e-05 4.80822e-05 4.80822e-05 0.0291578
4.0 32.00000 -3.13000 0.31949E+01 3.32462e-05 4.17256e-05 4.17256e-05 0.0311027
4.0 32.00000 -3.13000 0.32098E+01 2.76348e-05 3.47449e-05 3.47449e-05 0.0349586
4.0 32.00000 -3.13000 0.32245E+01 2.60443e-05 3.28009e-05 3.28009e-05 0.036353
4.0 32.00000 -3.13000 0.32391E+01 2.20434e-05 2.77915e-05 2.77915e-05 0.0398941
4.0 32.00000 -3.13000 0.32535E+01 1.87896e-05 2.37143e-05 2.37143e-05 0.0434773
4.0 32.00000 -3.13000 0.32678E+01 1.58627e-05 2.00353e-05 2.00353e-05 0.0479715
4.0 32.00000 -3.13000 0.32819E+01 1.39996e-05 1.7677e-05 1.7677e-05 0.0536332
4.0 32.00000 -3.13000 0.32958E+01 1.26321e-05 1.59384e-05 1.59384e-05 0.0563487
4.0 32.00000 -3.13000 0.33096E+01 1.15242e-05 1.45453e-05 1.45453e-05 0.0607811
4.0 32.00000 -3.13000 0.33232E+01 9.94501e-06 1.25593e-05 1.25593e-05 0.0670369
4.0 32.00000 -3.13000 0.33367E+01 9.80974e-06 1.23954e-05 1.23954e-05 0.0696744
4.0 32.00000 -3.13000 0.33500E+01 7.11293e-06 8.99261e-06 8.99261e-06 0.0917179
4.0 32.00000 -3.13000 0.33632E+01 5.8887e-06 7.44782e-06 7.44782e-06 0.107914
4.0 32.00000 -3.13000 0.33762E+01 5.46379e-06 6.9133e-06 6.9133e-06 0.116276
4.0 32.00000 -3.13000 0.33891E+01 4.19809e-06 5.3133e-06 5.3133e-06 0.146946
4.0 32.00000 -3.13000 0.34019E+01 6.37243e-06 8.0691e-06 8.0691e-06 0.115751
4.0 32.00000 -3.65000 0.33305E+01 8.78208e-06 1.10942e-05 1.10942e-05 0.0516459
4.0 32.00000 -3.65000 0.33549E+01 7.85638e-06 9.93588e-06 9.93588e-06 0.0514348
4.0 32.00000 -3.65000 0.33788E+01 6.60718e-06 8.35987e-06 8.35987e-06 0.052278
4.0 32.00000 -3.65000 0.34023E+01 4.56226e-06 5.77696e-06 5.77696e-06 0.0616862
4.0 32.00000 -3.65000 0.34253E+01 3.45775e-06 4.38152e-06 4.38152e-06 0.0695378
4.0 32.00000 -3.65000 0.34478E+01 2.62908e-06 3.33378e-06 3.33378e-06 0.078504
4.0 32.00000 -3.65000 0.34700E+01 2.59796e-06 3.29726e-06 3.29726e-06 0.0786509
4.0 32.00000 -3.65000 0.34917E+01 1.75993e-06 2.23777e-06 2.23777e-06 0.100073
4.0 32.00000 -3.65000 0.35130E+01 1.40213e-06 1.78667e-06 1.78667e-06 0.112242
4.0 32.00000 -3.65000 0.35339E+01 1.29149e-06 1.64933e-06 1.64933e-06 0.117174
4.0 32.00000 -3.65000 0.35544E+01 9.69216e-07 1.24089e-06 1.24089e-06 0.13702
4.0 32.00000 -3.65000 0.35745E+01 6.69707e-07 8.59584e-07 8.59584e-07 0.173656
4.0 32.00000 -3.65000 0.35943E+01 7.54654e-07 9.71392e-07 9.71392e-07 0.141337
4.0 32.00000 -3.65000 0.36138E+01 4.37215e-07 5.64381e-07 5.64381e-07 0.210806
4.0 32.00000 -3.65000 0.36328E+01 3.41087e-07 4.41496e-07 4.41496e-07 0.243078
4.0 32.00000 -3.65000 0.36516E+01 2.99081e-07 3.88256e-07 3.88256e-07 0.250581
4.0 32.00000 -3.65000 0.36700E+01 3.29012e-07 4.28272e-07 4.28272e-07 0.229997
4.0 32.00000 -3.65000 0.36881E+01 1.9846e-07 2.59105e-07 2.59105e-07 0.326043
4.0 32.00000 -3.65000 0.37059E+01 2.37501e-07 3.10944e-07 3.10944e-07 0.274661
4.0 32.00000 -3.65000 0.37234E+01 1.59471e-07 2.09352e-07 2.09352e-07 0.364851
4.0 32.00000 -3.65000 0.37406E+01 1.2199e-07 1.60613e-07 1.60613e-07 0.388348
4.0 32.00000 -3.65000 0.37575E+01 6.14211e-08 8.10737e-08 8.10737e-08 0.680572
4.0 32.00000 -3.65000 0.37741E+01 6.27046e-08 8.29848e-08 8.29848e-08 0.680297
4.0 32.00000 -3.65000 0.37905E+01 6.42937e-08 8.53057e-08 8.53057e-08 0.594999
4.0 32.00000 -3.65000 0.38066E+01 5.63326e-08 7.49321e-08 7.49321e-08 0.701642
4.0 32.00000 -3.65000 0.38224E+01 7.55153e-08 1.00704e-07 1.00704e-07 0.512595
4.0 32.00000 -3.65000 0.38533E+01 3.54571e-08 4.75096e-08 4.75096e-08 0.75346
4.0 32.00000 -3.65000 0.38684E+01 1.88995e-08 2.53797e-08 2.53797e-08 1.12722
4.0 32.00000 -3.65000 0.39123E+01 5.22058e-08 7.0571e-08 7.0571e-08 0.753314
4.0 40.00000 -1.14000 0.10393E+01 0.00708811 0.00585884 0.00585884 0.0169124
4.0 40.00000 -1.14000 0.10452E+01 0.00729342 0.00604812 0.00604812 0.0156013
4.0 40.00000 -1.14000 0.10512E+01 0.0070636 0.00587636 0.00587636 0.0151652
4.0 40.00000 -1.14000 0.10571E+01 0.00698942 0.00583265 0.00583265 0.0146917
4.0 40.00000 -1.14000 0.10630E+01 0.0069301 0.00580112 0.00580112 0.0143384
4.0 40.00000 -1.14000 0.10688E+01 0.00700177 0.00587942 0.00587942 0.013834
4.0 40.00000 -1.14000 0.10747E+01 0.00672186 0.00566155 0.00566155 0.0135639
4.0 40.00000 -1.14000 0.10806E+01 0.00663372 0.00560399 0.00560399 0.013359
4.0 40.00000 -1.14000 0.10864E+01 0.00646227 0.00547527 0.00547527 0.0132634
4.0 40.00000 -1.14000 0.10922E+01 0.00652306 0.00554298 0.00554298 0.0129553
4.0 40.00000 -1.14000 0.10980E+01 0.00645205 0.00549848 0.00549848 0.0130091
4.0 40.00000 -1.14000 0.11038E+01 0.00637355 0.00544709 0.00544709 0.012868
4.0 40.00000 -1.14000 0.11096E+01 0.0063586 0.00544973 0.00544973 0.0129984
4.0 40.00000 -1.14000 0.11153E+01 0.00642522 0.00552227 0.00552227 0.0128104
4.0 40.00000 -1.14000 0.11211E+01 0.00627732 0.00541025 0.00541025 0.0130563
4.0 40.00000 -1.14000 0.11268E+01 0.00641344 0.00554247 0.00554247 0.0128605
4.0 40.00000 -1.14000 0.11325E+01 0.00625699 0.00542187 0.00542187 0.0130189
4.0 40.00000 -1.14000 0.11383E+01 0.00612779 0.00532428 0.00532428 0.0131549
4.0 40.00000 -1.14000 0.11439E+01 0.00600886 0.00523473 0.00523473 0.0132672
4.0 40.00000 -1.14000 0.11496E+01 0.00580744 0.00507292 0.00507292 0.0135363
4.0 40.00000 -1.14000 0.11553E+01 0.00580171 0.00508092 0.00508092 0.0134901
4.0 40.00000 -1.14000 0.11609E+01 0.00588238 0.00516477 0.00516477 0.0133564
4.0 40.00000 -1.14000 0.11666E+01 0.00560808 0.00493641 0.00493641 0.0137372
4.0 40.00000 -1.14000 0.11722E+01 0.0054658 0.00482321 0.00482321 0.0140857
4.0 40.00000 -1.14000 0.11778E+01 0.00564699 0.00499516 0.00499516 0.0139924
4.0 40.00000 -1.14000 0.11834E+01 0.00564565 0.00500619 0.00500619 0.0142846
4.0 40.00000 -1.14000 0.11890E+01 0.00553931 0.00492399 0.00492399 0.0146588
4.0 40.00000 -1.14000 0.11945E+01 0.00536803 0.00478313 0.00478313 0.01531
4.0 40.00000 -1.14000 0.12001E+01 0.00549357 0.00490655 0.00490655 0.0153892
4.0 40.00000 -1.14000 0.12056E+01 0.00536414 0.00480213 0.00480213 0.0159507
4.0 40.00000 -1.14000 0.12112E+01 0.00534405 0.00479529 0.00479529 0.0164726
4.0 40.00000 -1.14000 0.12167E+01 0.00510841 0.00459438 0.00459438 0.0175257
4.0 40.00000 -1.14000 0.12222E+01 0.00518638 0.00467516 0.00467516 0.0180181
4.0 40.00000 -1.14000 0.12277E+01 0.00517278 0.00467337 0.00467337 0.0186962
4.0 40.00000 -1.14000 0.12331E+01 0.00524383 0.00474817 0.00474817 0.0192583
4.0 40.00000 -1.14000 0.12386E+01 0.00503383 0.00456826 0.00456826 0.0205935
4.0 40.00000 -1.33000 0.12126E+01 0.00496418 0.00445701 0.00445701 0.0139205
4.0 40.00000 -1.33000 0.12195E+01 0.00502863 0.00452807 0.00452807 0.0130978
4.0 40.00000 -1.33000 0.12265E+01 0.00488646 0.00441263 0.00441263 0.012738
4.0 40.00000 -1.33000 0.12335E+01 0.00490384 0.00444091 0.00444091 0.0121765
4.0 40.00000 -1.33000 0.12404E+01 0.00478602 0.00434658 0.00434658 0.0119493
4.0 40.00000 -1.33000 0.12473E+01 0.00484805 0.004415 0.004415 0.0115472
4.0 40.00000 -1.33000 0.12542E+01 0.00468693 0.00427987 0.00427987 0.0113585
4.0 40.00000 -1.33000 0.12610E+01 0.00454005 0.00415694 0.00415694 0.011223
4.0 40.00000 -1.33000 0.12679E+01 0.00453409 0.00416257 0.00416257 0.0109877
4.0 40.00000 -1.33000 0.12747E+01 0.00430963 0.00396694 0.00396694 0.0111746
4.0 40.00000 -1.33000 0.12815E+01 0.00437272 0.00403553 0.00403553 0.0109739
4.0 40.00000 -1.33000 0.12883E+01 0.00436166 0.00403617 0.00403617 0.0108655
4.0 40.00000 -1.33000 0.12950E+01 0.00432935 0.00401629 0.00401629 0.0110512
4.0 40.00000 -1.33000 0.13018E+01 0.0041576 0.00386646 0.00386646 0.0112647
4.0 40.00000 -1.33000 0.13085E+01 0.00423491 0.00394803 0.00394803 0.0111826
4.0 40.00000 -1.33000 0.13152E+01 0.00405707 0.00379134 0.00379134 0.0114139
4.0 40.00000 -1.33000 0.13219E+01 0.00408429 0.00382587 0.00382587 0.0112576
4.0 40.00000 -1.33000 0.13285E+01 0.00406405 0.00381586 0.00381586 0.0114294
4.0 40.00000 -1.33000 0.13352E+01 0.00387458 0.00364646 0.00364646 0.0116577
4.0 40.00000 -1.33000 0.13418E+01 0.00380393 0.00358824 0.00358824 0.0118105
4.0 40.00000 -1.33000 0.13484E+01 0.00379683 0.00359001 0.00359001 0.0118111
4.0 40.00000 -1.33000 0.13550E+01 0.00383073 0.00363024 0.00363024 0.0117659
4.0 40.00000 -1.33000 0.13615E+01 0.00364481 0.00346171 0.00346171 0.0119749
4.0 40.00000 -1.33000 0.13681E+01 0.00367525 0.00349803 0.00349803 0.0120401
4.0 40.00000 -1.33000 0.13746E+01 0.00361718 0.00344993 0.00344993 0.0123828
4.0 40.00000 -1.33000 0.13811E+01 0.00353192 0.00337585 0.00337585 0.0127637
4.0 40.00000 -1.33000 0.13876E+01 0.00353815 0.0033889 0.0033889 0.0129608
4.0 40.00000 -1.33000 0.13940E+01 0.00352048 0.00337879 0.00337879 0.0132295
4.0 40.00000 -1.33000 0.14005E+01 0.00341958 0.00328839 0.00328839 0.0137281
4.0 40.00000 -1.33000 0.14069E+01 0.00345563 0.00332967 0.00332967 0.0140772
4.0 40.00000 -1.33000 0.14133E+01 0.00334258 0.0032271 0.0032271 0.0147257
4.0 40.00000 -1.33000 0.14197E+01 0.00320999 0.00310549 0.00310549 0.0156468
4.0 40.00000 -1.33000 0.14261E+01 0.00326986 0.00316943 0.00316943 0.0159888
4.0 40.00000 -1.33000 0.14324E+01 0.00314385 0.003053 0.003053 0.0170495
4.0 40.00000 -1.33000 0.14387E+01 0.0031151 0.00303057 0.00303057 0.0179035
4.0 40.00000 -1.33000 0.14451E+01 0.00316004 0.00307987 0.00307987 0.0185556
4.0 40.00000 -1.56000 0.14223E+01 0.00315244 0.00305217 0.00305217 0.0113315
4.0 40.00000 -1.56000 0.14306E+01 0.00311579 0.00302415 0.00302415 0.0108109
4.0 40.00000 -1.56000 0.14389E+01 0.0030189 0.0029371 0.0029371 0.0104942
4.0 40.00000 -1.56000 0.14471E+01 0.00292915 0.00285679 0.00285679 0.0102507
4.0 40.00000 -1.56000 0.14553E+01 0.00293372 0.00286783 0.00286783 0.00988031
4.0 40.00000 -1.56000 0.14635E+01 0.0029314 0.00287198 0.00287198 0.00959361
4.0 40.00000 -1.56000 0.14716E+01 0.00284011 0.00278869 0.00278869 0.00951705
4.0 40.00000 -1.56000 0.14797E+01 0.00272343 0.0026801 0.0026801 0.00940137
4.0 40.00000 -1.56000 0.14878E+01 0.00269785 0.00266087 0.00266087 0.00933365
4.0 40.00000 -1.56000 0.14959E+01 0.00262125 0.00259088 0.00259088 0.00932292
4.0 40.00000 -1.56000 0.15039E+01 0.00256726 0.00254298 0.00254298 0.0093559
4.0 40.00000 -1.56000 0.15119E+01 0.0025438 0.00252502 0.00252502 0.00946848
4.0 40.00000 -1.56000 0.15198E+01 0.00253363 0.00252021 0.00252021 0.00947917
4.0 40.00000 -1.56000 0.15278E+01 0.00244297 0.00243492 0.00243492 0.00964187
4.0 40.00000 -1.56000 0.15357E+01 0.00236141 0.00235817 0.00235817 0.00980635
4.0 40.00000 -1.56000 0.15435E+01 0.00233592 0.00233715 0.00233715 0.00986461
4.0 40.00000 -1.56000 0.15514E+01 0.0022347 0.0022404 0.0022404 0.010113
4.0 40.00000 -1.56000 0.15592E+01 0.00222271 0.00223272 0.00223272 0.0102448
4.0 40.00000 -1.56000 0.15670E+01 0.00219102 0.00220506 0.00220506 0.0102425
4.0 40.00000 -1.56000 0.15747E+01 0.00216523 0.00218323 0.00218323 0.0102957
4.0 40.00000 -1.56000 0.15824E+01 0.00211276 0.00213435 0.00213435 0.0104091
4.0 40.00000 -1.56000 0.15901E+01 0.00205438 0.00207909 0.00207909 0.0106322
4.0 40.00000 -1.56000 0.15978E+01 0.00195975 0.00198685 0.00198685 0.0108826
4.0 40.00000 -1.56000 0.16054E+01 0.0019242 0.00195428 0.00195428 0.0109156
4.0 40.00000 -1.56000 0.16131E+01 0.00193556 0.00196932 0.00196932 0.0111904
4.0 40.00000 -1.56000 0.16206E+01 0.00187229 0.00190814 0.00190814 0.0114681
4.0 40.00000 -1.56000 0.16282E+01 0.00183465 0.00187309 0.00187309 0.0118515
4.0 40.00000 -1.56000 0.16357E+01 0.00178011 0.00182062 0.00182062 0.0123142
4.0 40.00000 -1.56000 0.16432E+01 0.00173152 0.00177388 0.00177388 0.0126996
4.0 40.00000 -1.56000 0.16507E+01 0.00172563 0.00177078 0.00177078 0.0131062
4.0 40.00000 -1.56000 0.16582E+01 0.00169296 0.00174031 0.00174031 0.0136825
4.0 40.00000 -1.56000 0.16656E+01 0.00168596 0.00173616 0.00173616 0.0142708
4.0 40.00000 -1.56000 0.16730E+01 0.00160739 0.001658 0.001658 0.0151739
4.0 40.00000 -1.56000 0.16803E+01 0.00156315 0.00161487 0.00161487 0.0160315
4.0 40.00000 -1.56000 0.16877E+01 0.00152558 0.00157836 0.00157836 0.0168704
4.0 40.00000 -1.56000 0.16950E+01 0.00153667 0.0015923 0.0015923 0.0179171
4.0 40.00000 -1.82000 0.16594E+01 0.00160081 0.00164607 0.00164607 0.00913054
4.0 40.00000 -1.82000 0.16693E+01 0.00154902 0.00159654 0.00159654 0.00878994
4.0 40.00000 -1.82000 0.16790E+01 0.00151971 0.00156954 0.00156954 0.00846858
4.0 40.00000 -1.82000 0.16888E+01 0.00150041 0.00155276 0.00155276 0.008193
4.0 40.00000 -1.82000 0.16985E+01 0.0014358 0.00148894 0.00148894 0.00805881
4.0 40.00000 -1.82000 0.17081E+01 0.00140952 0.0014645 0.0014645 0.00790803
4.0 40.00000 -1.82000 0.17177E+01 0.00137026 0.00142673 0.00142673 0.00781109
4.0 40.00000 -1.82000 0.17273E+01 0.00130346 0.00136059 0.00136059 0.00779229
4.0 40.00000 -1.82000 0.17368E+01 0.001276 0.00133499 0.00133499 0.00780106
4.0 40.00000 -1.82000 0.17462E+01 0.0012209 0.00127981 0.00127981 0.00789986
4.0 40.00000 -1.82000 0.17557E+01 0.0011883 0.00124754 0.00124754 0.00798374
4.0 40.00000 -1.82000 0.17650E+01 0.00116842 0.00122889 0.00122889 0.00805857
4.0 40.00000 -1.82000 0.17744E+01 0.00110949 0.00116936 0.00116936 0.00828522
4.0 40.00000 -1.82000 0.17836E+01 0.00110394 0.00116618 0.00116618 0.00839315
4.0 40.00000 -1.82000 0.17929E+01 0.00101484 0.0010746 0.0010746 0.00864097
4.0 40.00000 -1.82000 0.18021E+01 0.000991936 0.00105254 0.00105254 0.00880034
4.0 40.00000 -1.82000 0.18113E+01 0.000983491 0.00104566 0.00104566 0.00888132
4.0 40.00000 -1.82000 0.18204E+01 0.000928621 0.000988814 0.000988814 0.00919869
4.0 40.00000 -1.82000 0.18294E+01 0.000899703 0.000959551 0.000959551 0.00924537
4.0 40.00000 -1.82000 0.18385E+01 0.000867305 0.000926733 0.000926733 0.00950982
4.0 40.00000 -1.82000 0.18475E+01 0.000839082 0.000898687 0.000898687 0.0096871
4.0 40.00000 -1.82000 0.18564E+01 0.000803118 0.000862108 0.000862108 0.00988303
4.0 40.00000 -1.82000 0.18653E+01 0.000774668 0.000833361 0.000833361 0.0100327
4.0 40.00000 -1.82000 0.18742E+01 0.000750686 0.00080915 0.00080915 0.0102153
4.0 40.00000 -1.82000 0.18830E+01 0.000729638 0.000787781 0.000787781 0.0105384
4.0 40.00000 -1.82000 0.18918E+01 0.000711474 0.000769531 0.000769531 0.0108224
4.0 40.00000 -1.82000 0.19006E+01 0.000685138 0.000742343 0.000742343 0.0112132
4.0 40.00000 -1.82000 0.19093E+01 0.00065119 0.000707009 0.000707009 0.0117552
4.0 40.00000 -1.82000 0.19180E+01 0.000628251 0.000683302 0.000683302 0.0122568
4.0 40.00000 -1.82000 0.19266E+01 0.00060262 0.000656518 0.000656518 0.0128409
4.0 40.00000 -1.82000 0.19352E+01 0.000589177 0.000643002 0.000643002 0.0135897
4.0 40.00000 -1.82000 0.19437E+01 0.000590481 0.000645497 0.000645497 0.0139924
4.0 40.00000 -1.82000 0.19522E+01 0.000548795 0.000600864 0.000600864 0.0152062
4.0 40.00000 -1.82000 0.19607E+01 0.000520936 0.000571295 0.000571295 0.016128
4.0 40.00000 -1.82000 0.19692E+01 0.000501295 0.000550977 0.000550977 0.017512
4.0 40.00000 -1.82000 0.19776E+01 0.000484839 0.000533969 0.000533969 0.0187644
4.0 40.00000 -2.13000 0.19422E+01 0.000554556 0.000606058 0.000606058 0.00953216
4.0 40.00000 -2.13000 0.19540E+01 0.000534838 0.00058574 0.00058574 0.00918523
4.0 40.00000 -2.13000 0.19656E+01 0.000515769 0.000566363 0.000566363 0.00885324
4.0 40.00000 -2.13000 0.19772E+01 0.000476742 0.000525004 0.000525004 0.00890689
4.0 40.00000 -2.13000 0.19888E+01 0.000454319 0.000501307 0.000501307 0.00876549
4.0 40.00000 -2.13000 0.20002E+01 0.00043532 0.000481352 0.000481352 0.00858894
4.0 40.00000 -2.13000 0.20116E+01 0.000410207 0.000454619 0.000454619 0.00873727
4.0 40.00000 -2.13000 0.20230E+01 0.000381359 0.000423899 0.000423899 0.00883616
4.0 40.00000 -2.13000 0.20342E+01 0.000365426 0.000407639 0.000407639 0.00896748
4.0 40.00000 -2.13000 0.20454E+01 0.000345949 0.000386452 0.000386452 0.00924893
4.0 40.00000 -2.13000 0.20565E+01 0.000331099 0.000369804 0.000369804 0.0094203
4.0 40.00000 -2.13000 0.20676E+01 0.000305862 0.000342379 0.000342379 0.00987755
4.0 40.00000 -2.13000 0.20786E+01 0.000290825 0.00032622 0.00032622 0.010129
4.0 40.00000 -2.13000 0.20895E+01 0.000272119 0.000305613 0.000305613 0.0105023
4.0 40.00000 -2.13000 0.21004E+01 0.000255482 0.000287419 0.000287419 0.0107772
4.0 40.00000 -2.13000 0.21112E+01 0.00024036 0.000270778 0.000270778 0.0111755
4.0 40.00000 -2.13000 0.21219E+01 0.00022819 0.000257292 0.000257292 0.0115993
4.0 40.00000 -2.13000 0.21326E+01 0.000220591 0.000249015 0.000249015 0.0117622
4.0 40.00000 -2.13000 0.21432E+01 0.000200663 0.000226796 0.000226796 0.0123196
4.0 40.00000 -2.13000 0.21537E+01 0.000190124 0.000215272 0.000215272 0.012651
4.0 40.00000 -2.13000 0.21642E+01 0.000178522 0.000202442 0.000202442 0.0131967
4.0 40.00000 -2.13000 0.21747E+01 0.000158729 0.000180219 0.000180219 0.0140617
4.0 40.00000 -2.13000 0.21850E+01 0.000153477 0.0001745 0.0001745 0.0144053
4.0 40.00000 -2.13000 0.21953E+01 0.000143413 0.000163345 0.000163345 0.0148302
4.0 40.00000 -2.13000 0.22056E+01 0.000137618 0.000157131 0.000157131 0.015284
4.0 40.00000 -2.13000 0.22158E+01 0.000129316 0.000148069 0.000148069 0.0158492
4.0 40.00000 -2.13000 0.22259E+01 0.000124189 0.000142638 0.000142638 0.0164422
4.0 40.00000 -2.13000 0.22360E+01 0.000118613 0.000136595 0.000136595 0.017236
4.0 40.00000 -2.13000 0.22460E+01 0.000107389 0.00012395 0.00012395 0.0185625
4.0 40.00000 -2.13000 0.22559E+01 0.000101965 0.000117992 0.000117992 0.0198971
4.0 40.00000 -2.13000 0.22658E+01 9.24389e-05 0.000107223 0.000107223 0.0212543
4.0 40.00000 -2.13000 0.22757E+01 9.37424e-05 0.000108947 0.000108947 0.0223731
4.0 40.00000 -2.13000 0.22855E+01 8.50481e-05 9.8967e-05 9.8967e-05 0.0242053
4.0 40.00000 -2.13000 0.22952E+01 7.92205e-05 9.22164e-05 9.22164e-05 0.0270832
4.0 40.00000 -2.13000 0.23049E+01 7.37779e-05 8.59337e-05 8.59337e-05 0.0286004
4.0 40.00000 -2.13000 0.23145E+01 6.86873e-05 8.01415e-05 8.01415e-05 0.0310557
4.0 40.00000 -2.48000 0.22616E+01 0.000102523 0.000118793 0.000118793 0.0205413
4.0 40.00000 -2.48000 0.22756E+01 9.13514e-05 0.000106168 0.000106168 0.0203189
4.0 40.00000 -2.48000 0.22896E+01 8.03424e-05 9.35179e-05 9.35179e-05 0.020614
4.0 40.00000 -2.48000 0.23035E+01 7.51235e-05 8.74784e-05 8.74784e-05 0.0202756
4.0 40.00000 -2.48000 0.23172E+01 6.96949e-05 8.13742e-05 8.13742e-05 0.020194
4.0 40.00000 -2.48000 0.23308E+01 6.26452e-05 7.3391e-05 7.3391e-05 0.0207874
4.0 40.00000 -2.48000 0.23444E+01 5.66398e-05 6.65634e-05 6.65634e-05 0.0215746
4.0 40.00000 -2.48000 0.23578E+01 4.99898e-05 5.88951e-05 5.88951e-05 0.0228603
4.0 40.00000 -2.48000 0.23711E+01 4.68188e-05 5.53131e-05 5.53131e-05 0.0238306
4.0 40.00000 -2.48000 0.23843E+01 4.46569e-05 5.29366e-05 5.29366e-05 0.0241023
4.0 40.00000 -2.48000 0.23974E+01 3.9277e-05 4.66858e-05 4.66858e-05 0.0253973
4.0 40.00000 -2.48000 0.24104E+01 3.47209e-05 4.13992e-05 4.13992e-05 0.0274221
4.0 40.00000 -2.48000 0.24233E+01 3.15958e-05 3.77658e-05 3.77658e-05 0.029195
4.0 40.00000 -2.48000 0.24361E+01 2.85571e-05 3.42142e-05 3.42142e-05 0.0300947
4.0 40.00000 -2.48000 0.24488E+01 2.67026e-05 3.2079e-05 3.2079e-05 0.0311492
4.0 40.00000 -2.48000 0.24615E+01 2.17434e-05 2.61868e-05 2.61868e-05 0.0350431
4.0 40.00000 -2.48000 0.24740E+01 2.05509e-05 2.47976e-05 2.47976e-05 0.0364
4.0 40.00000 -2.48000 0.24864E+01 1.87795e-05 2.27116e-05 2.27116e-05 0.0377596
4.0 40.00000 -2.48000 0.24987E+01 1.60169e-05 1.94099e-05 1.94099e-05 0.0417873
4.0 40.00000 -2.48000 0.25110E+01 1.46363e-05 1.77693e-05 1.77693e-05 0.0436089
4.0 40.00000 -2.48000 0.25231E+01 1.30159e-05 1.58369e-05 1.58369e-05 0.0466539
4.0 40.00000 -2.48000 0.25352E+01 1.11429e-05 1.35796e-05 1.35796e-05 0.0505057
4.0 40.00000 -2.48000 0.25471E+01 9.45987e-06 1.15435e-05 1.15435e-05 0.0562027
4.0 40.00000 -2.48000 0.25590E+01 8.28501e-06 1.01286e-05 1.01286e-05 0.0632682
4.0 40.00000 -2.48000 0.25708E+01 7.61457e-06 9.32559e-06 9.32559e-06 0.0626897
4.0 40.00000 -2.48000 0.25825E+01 7.19759e-06 8.82537e-06 8.82537e-06 0.0643116
4.0 40.00000 -2.48000 0.25941E+01 7.04428e-06 8.6435e-06 8.6435e-06 0.0649693
4.0 40.00000 -2.48000 0.26057E+01 5.5938e-06 6.86982e-06 6.86982e-06 0.075258
4.0 40.00000 -2.48000 0.26171E+01 5.02723e-06 6.18265e-06 6.18265e-06 0.0846189
4.0 40.00000 -2.48000 0.26285E+01 4.82775e-06 5.93996e-06 5.93996e-06 0.0861177
4.0 40.00000 -2.48000 0.26398E+01 3.47303e-06 4.27245e-06 4.27245e-06 0.107456
4.0 40.00000 -2.48000 0.26510E+01 3.19279e-06 3.92788e-06 3.92788e-06 0.115893
4.0 40.00000 -2.48000 0.26621E+01 3.18817e-06 3.92059e-06 3.92059e-06 0.120282
4.0 40.00000 -2.48000 0.26731E+01 2.39794e-06 2.94417e-06 2.94417e-06 0.149501
4.0 40.00000 -2.48000 0.26841E+01 2.77536e-06 3.40324e-06 3.40324e-06 0.146425
4.0 40.00000 -2.48000 0.26950E+01 2.51867e-06 3.09158e-06 3.09158e-06 0.165379
4.0 40.00000 -2.90000 0.26450E+01 3.8095e-06 4.68627e-06 4.68627e-06 0.0898354
4.0 40.00000 -2.90000 0.26621E+01 3.20698e-06 3.94373e-06 3.94373e-06 0.0959114
4.0 40.00000 -2.90000 0.26791E+01 2.39962e-06 2.94231e-06 2.94231e-06 0.1042
4.0 40.00000 -2.90000 0.26960E+01 2.47589e-06 3.03962e-06 3.03962e-06 0.0981439
4.0 40.00000 -2.90000 0.27126E+01 1.91737e-06 2.35556e-06 2.35556e-06 0.106826
4.0 40.00000 -2.90000 0.27291E+01 1.67084e-06 2.05306e-06 2.05306e-06 0.108757
4.0 40.00000 -2.90000 0.27453E+01 1.25327e-06 1.54178e-06 1.54178e-06 0.131583
4.0 40.00000 -2.90000 0.27614E+01 1.27475e-06 1.56846e-06 1.56846e-06 0.128849
4.0 40.00000 -2.90000 0.27774E+01 1.32352e-06 1.62988e-06 1.62988e-06 0.118927
4.0 40.00000 -2.90000 0.27931E+01 7.12765e-07 8.78576e-07 8.78576e-07 0.175326
4.0 40.00000 -2.90000 0.28087E+01 6.50891e-07 8.02661e-07 8.02661e-07 0.175668
4.0 40.00000 -2.90000 0.28242E+01 5.98595e-07 7.39102e-07 7.39102e-07 0.199948
4.0 40.00000 -2.90000 0.28395E+01 5.70658e-07 7.05056e-07 7.05056e-07 0.191386
4.0 40.00000 -2.90000 0.28546E+01 4.34046e-07 5.36819e-07 5.36819e-07 0.231776
4.0 40.00000 -2.90000 0.28695E+01 3.78456e-07 4.68932e-07 4.68932e-07 0.249836
4.0 40.00000 -2.90000 0.28843E+01 3.97343e-07 4.92868e-07 4.92868e-07 0.232317
4.0 40.00000 -2.90000 0.28990E+01 2.27825e-07 2.83079e-07 2.83079e-07 0.330271
4.0 40.00000 -2.90000 0.29135E+01 2.69937e-07 3.36097e-07 3.36097e-07 0.284481
4.0 40.00000 -2.90000 0.29279E+01 1.79424e-07 2.23681e-07 2.23681e-07 0.357167
4.0 40.00000 -2.90000 0.29421E+01 2.07054e-07 2.58669e-07 2.58669e-07 0.315241
4.0 40.00000 -2.90000 0.29562E+01 7.82383e-08 9.79542e-08 9.79542e-08 0.52911
4.0 40.00000 -2.90000 0.29701E+01 5.64277e-08 7.07516e-08 7.07516e-08 0.786258
4.0 40.00000 -2.90000 0.29839E+01 1.27157e-07 1.59816e-07 1.59816e-07 0.377951
4.0 40.00000 -2.90000 0.29976E+01 1.11335e-07 1.40207e-07 1.40207e-07 0.491338
4.0 40.00000 -2.90000 0.30111E+01 1.11393e-07 1.40559e-07 1.40559e-07 0.408255
4.0 40.00000 -2.90000 0.30245E+01 7.38972e-08 9.34525e-08 9.34525e-08 0.500011
4.0 40.00000 -2.90000 0.30378E+01 1.90652e-08 2.41527e-08 2.41527e-08 1
4.0 40.00000 -2.90000 0.30509E+01 2.70551e-08 3.43464e-08 3.43464e-08 1.11377
4.0 40.00000 -2.90000 0.30640E+01 4.89688e-08 6.22869e-08 6.22869e-08 0.770733
4.0 40.00000 -2.90000 0.30769E+01 1.7208e-08 2.1928e-08 2.1928e-08 2.15622
4.0 40.00000 -2.90000 0.31023E+01 8.03557e-08 1.02784e-07 1.02784e-07 0.577372
4.0 40.00000 -2.90000 0.31148E+01 8.94596e-08 1.14668e-07 1.14668e-07 0.577372
4.0 40.00000 -2.90000 0.31395E+01 3.86166e-08 4.96661e-08 4.96661e-08 1
4.0 40.00000 -2.90000 0.31517E+01 1.73715e-08 2.2389e-08 2.2389e-08 3.04323
4.0 50.00000 -0.86000 0.78401E+00 0.00341676 0.00265579 0.00265579 0.0291444
4.0 50.00000 -0.86000 0.78844E+00 0.00356358 0.00278091 0.00278091 0.0268082
4.0 50.00000 -0.86000 0.79285E+00 0.00353472 0.00276931 0.00276931 0.0256295
4.0 50.00000 -0.86000 0.79726E+00 0.00325975 0.00256387 0.00256387 0.0257264
4.0 50.00000 -0.86000 0.80167E+00 0.00351869 0.00277833 0.00277833 0.023408
4.0 50.00000 -0.86000 0.80606E+00 0.00343247 0.00272071 0.00272071 0.023077
4.0 50.00000 -0.86000 0.81045E+00 0.00340866 0.00271215 0.00271215 0.0221942
4.0 50.00000 -0.86000 0.81482E+00 0.00329519 0.00263181 0.00263181 0.0221998
4.0 50.00000 -0.86000 0.81920E+00 0.00326909 0.0026206 0.0026206 0.0218035
4.0 50.00000 -0.86000 0.82356E+00 0.00322018 0.00259088 0.00259088 0.0219602
4.0 50.00000 -0.86000 0.82791E+00 0.00329184 0.0026581 0.0026581 0.0214972
4.0 50.00000 -0.86000 0.83226E+00 0.00332924 0.00269798 0.00269798 0.0213322
4.0 50.00000 -0.86000 0.83660E+00 0.00306785 0.00249504 0.00249504 0.0223608
4.0 50.00000 -0.86000 0.84093E+00 0.00305169 0.00249071 0.00249071 0.0222564
4.0 50.00000 -0.86000 0.84526E+00 0.00316626 0.00259329 0.00259329 0.021703
4.0 50.00000 -0.86000 0.84958E+00 0.00305009 0.00250665 0.00250665 0.0219128
4.0 50.00000 -0.86000 0.85388E+00 0.00302953 0.00249819 0.00249819 0.0220042
4.0 50.00000 -0.86000 0.85819E+00 0.00298062 0.00246616 0.00246616 0.0221089
4.0 50.00000 -0.86000 0.86248E+00 0.00294753 0.00244699 0.00244699 0.0222786
4.0 50.00000 -0.86000 0.86677E+00 0.00292799 0.00243881 0.00243881 0.0221701
4.0 50.00000 -0.86000 0.87105E+00 0.00273009 0.00228162 0.00228162 0.0230197
4.0 50.00000 -0.86000 0.87532E+00 0.00288798 0.00242139 0.00242139 0.0222133
4.0 50.00000 -0.86000 0.87958E+00 0.00281885 0.00237095 0.00237095 0.0224164
4.0 50.00000 -0.86000 0.88384E+00 0.00274919 0.00231969 0.00231969 0.022524
4.0 50.00000 -0.86000 0.88809E+00 0.00276054 0.00233651 0.00233651 0.0226206
4.0 50.00000 -0.86000 0.89233E+00 0.00277822 0.00235878 0.00235878 0.0224815
4.0 50.00000 -0.86000 0.89657E+00 0.00273052 0.00232531 0.00232531 0.0233038
4.0 50.00000 -0.86000 0.90080E+00 0.00272384 0.0023265 0.0023265 0.023446
4.0 50.00000 -0.86000 0.90502E+00 0.0026821 0.00229765 0.00229765 0.0244203
4.0 50.00000 -0.86000 0.90923E+00 0.0026544 0.00228068 0.00228068 0.0249469
4.0 50.00000 -0.86000 0.91344E+00 0.00260343 0.00224377 0.00224377 0.0263166
4.0 50.00000 -0.86000 0.91763E+00 0.00258287 0.00223239 0.00223239 0.0271872
4.0 50.00000 -0.86000 0.92183E+00 0.00247455 0.0021448 0.0021448 0.0288742
4.0 50.00000 -0.86000 0.92601E+00 0.00263671 0.00229171 0.00229171 0.0290814
4.0 50.00000 -0.86000 0.93019E+00 0.00255907 0.00223061 0.00223061 0.0308236
4.0 50.00000 -0.86000 0.93436E+00 0.00229467 0.00200565 0.00200565 0.0347621
4.0 50.00000 -1.00000 0.91166E+00 0.00234002 0.00201421 0.00201421 0.0246772
4.0 50.00000 -1.00000 0.91683E+00 0.00229053 0.00197864 0.00197864 0.0236493
4.0 50.00000 -1.00000 0.92200E+00 0.00230337 0.00199666 0.00199666 0.0222933
4.0 50.00000 -1.00000 0.92715E+00 0.00224534 0.00195304 0.00195304 0.0215758
4.0 50.00000 -1.00000 0.93229E+00 0.00224695 0.00196128 0.00196128 0.0208452
4.0 50.00000 -1.00000 0.93743E+00 0.00215797 0.00188978 0.00188978 0.020602
4.0 50.00000 -1.00000 0.94255E+00 0.00227583 0.00199936 0.00199936 0.0191637
4.0 50.00000 -1.00000 0.94766E+00 0.00214604 0.00189127 0.00189127 0.0193003
4.0 50.00000 -1.00000 0.95276E+00 0.00213039 0.00188356 0.00188356 0.018936
4.0 50.00000 -1.00000 0.95785E+00 0.00205088 0.0018188 0.0018188 0.0193736
4.0 50.00000 -1.00000 0.96292E+00 0.00210865 0.00187568 0.00187568 0.0190758
4.0 50.00000 -1.00000 0.96799E+00 0.00210087 0.00187427 0.00187427 0.0190421
4.0 50.00000 -1.00000 0.97305E+00 0.00205883 0.00184232 0.00184232 0.0189062
4.0 50.00000 -1.00000 0.97809E+00 0.00206182 0.00185029 0.00185029 0.0189777
4.0 50.00000 -1.00000 0.98313E+00 0.00197497 0.0017774 0.0017774 0.0192778
4.0 50.00000 -1.00000 0.98815E+00 0.00188611 0.00170212 0.00170212 0.019878
4.0 50.00000 -1.00000 0.99317E+00 0.00182148 0.00164845 0.00164845 0.0203638
4.0 50.00000 -1.00000 0.99817E+00 0.00185183 0.0016804 0.0016804 0.0200196
4.0 50.00000 -1.00000 0.10032E+01 0.00187758 0.00170845 0.00170845 0.0197166
4.0 50.00000 -1.00000 0.10081E+01 0.00178491 0.00162821 0.00162821 0.0202559
4.0 50.00000 -1.00000 0.10131E+01 0.00175592 0.00160574 0.00160574 0.0203347
4.0 50.00000 -1.00000 0.10181E+01 0.0018019 0.0016518 0.0016518 0.020055
4.0 50.00000 -1.00000 0.10230E+01 0.00168927 0.00155248 0.00155248 0.0207711
4.0 50.00000 -1.00000 0.10280E+01 0.00168826 0.00155527 0.00155527 0.0207542
4.0 50.00000 -1.00000 0.10329E+01 0.00168417 0.0015552 0.0015552 0.0206449
4.0 50.00000 -1.00000 0.10378E+01 0.00169412 0.00156803 0.00156803 0.0207066
4.0 50.00000 -1.00000 0.10427E+01 0.0016185 0.00150163 0.00150163 0.0218348
4.0 50.00000 -1.00000 0.10476E+01 0.00166101 0.0015445 0.0015445 0.021595
4.0 50.00000 -1.00000 0.10525E+01 0.00161929 0.001509 0.001509 0.0226006
4.0 50.00000 -1.00000 0.10574E+01 0.00155909 0.00145606 0.00145606 0.0232901
4.0 50.00000 -1.00000 0.10623E+01 0.0016133 0.00151011 0.00151011 0.0235828
4.0 50.00000 -1.00000 0.10671E+01 0.00155339 0.00145707 0.00145707 0.0253044
4.0 50.00000 -1.00000 0.10720E+01 0.00160242 0.00150627 0.00150627 0.0252314
4.0 50.00000 -1.00000 0.10768E+01 0.00153413 0.00144502 0.00144502 0.0275095
4.0 50.00000 -1.00000 0.10817E+01 0.00146883 0.00138632 0.00138632 0.0294633
4.0 50.00000 -1.00000 0.10865E+01 0.0013882 0.00131283 0.00131283 0.0317923
4.0 50.00000 -1.17000 0.10667E+01 0.00139549 0.0013087 0.0013087 0.0175725
4.0 50.00000 -1.17000 0.10728E+01 0.00135975 0.00127858 0.00127858 0.0166693
4.0 50.00000 -1.17000 0.10789E+01 0.00136394 0.00128581 0.00128581 0.0155554
4.0 50.00000 -1.17000 0.10849E+01 0.0013123 0.00124027 0.00124027 0.015319
4.0 50.00000 -1.17000 0.10910E+01 0.00130253 0.00123414 0.00123414 0.0145698
4.0 50.00000 -1.17000 0.10970E+01 0.00125298 0.00119004 0.00119004 0.0144619
4.0 50.00000 -1.17000 0.11030E+01 0.00127197 0.0012109 0.0012109 0.0138355
4.0 50.00000 -1.17000 0.11090E+01 0.00120858 0.00115327 0.00115327 0.0138846
4.0 50.00000 -1.17000 0.11150E+01 0.00118878 0.00113715 0.00113715 0.013861
4.0 50.00000 -1.17000 0.11210E+01 0.00119822 0.00114891 0.00114891 0.0137593
4.0 50.00000 -1.17000 0.11270E+01 0.00115874 0.00111353 0.00111353 0.0143219
4.0 50.00000 -1.17000 0.11329E+01 0.00115457 0.00111192 0.00111192 0.0139802
4.0 50.00000 -1.17000 0.11389E+01 0.0011423 0.00110242 0.00110242 0.0138509
4.0 50.00000 -1.17000 0.11448E+01 0.00111531 0.00107873 0.00107873 0.0141766
4.0 50.00000 -1.17000 0.11507E+01 0.00103817 0.00100618 0.00100618 0.0147002
4.0 50.00000 -1.17000 0.11566E+01 0.00103728 0.00100739 0.00100739 0.0145221
4.0 50.00000 -1.17000 0.11624E+01 0.00101158 0.000984533 0.000984533 0.0146158
4.0 50.00000 -1.17000 0.11683E+01 0.00100748 0.000982518 0.000982518 0.0147806
4.0 50.00000 -1.17000 0.11741E+01 0.000962368 0.000940375 0.000940375 0.0152278
4.0 50.00000 -1.17000 0.11799E+01 0.000926675 0.000907355 0.000907355 0.0153347
4.0 50.00000 -1.17000 0.11858E+01 0.000924559 0.000907037 0.000907037 0.0152347
4.0 50.00000 -1.17000 0.11916E+01 0.000888855 0.00087367 0.00087367 0.0158256
4.0 50.00000 -1.17000 0.11973E+01 0.000893257 0.000879638 0.000879638 0.015546
4.0 50.00000 -1.17000 0.12031E+01 0.000829185 0.000818123 0.000818123 0.0163339
4.0 50.00000 -1.17000 0.12089E+01 0.000824959 0.000815378 0.000815378 0.016163
4.0 50.00000 -1.17000 0.12146E+01 0.000811837 0.000803866 0.000803866 0.0165484
4.0 50.00000 -1.17000 0.12203E+01 0.000793438 0.00078697 0.00078697 0.0169735
4.0 50.00000 -1.17000 0.12260E+01 0.000772438 0.00076746 0.00076746 0.0174034
4.0 50.00000 -1.17000 0.12317E+01 0.000761797 0.000758257 0.000758257 0.0178619
4.0 50.00000 -1.17000 0.12374E+01 0.000722489 0.000720509 0.000720509 0.0192722
4.0 50.00000 -1.17000 0.12431E+01 0.000734388 0.000733798 0.000733798 0.0193297
4.0 50.00000 -1.17000 0.12487E+01 0.000720543 0.000721195 0.000721195 0.0205849
4.0 50.00000 -1.17000 0.12544E+01 0.000711449 0.000713294 0.000713294 0.0210388
4.0 50.00000 -1.17000 0.12600E+01 0.000690207 0.000693091 0.000693091 0.0229065
4.0 50.00000 -1.17000 0.12656E+01 0.000628037 0.000631683 0.000631683 0.0253991
4.0 50.00000 -1.17000 0.12712E+01 0.000661979 0.000666687 0.000666687 0.0257539
4.0 50.00000 -1.36000 0.12399E+01 0.000688642 0.000687315 0.000687315 0.014376
4.0 50.00000 -1.36000 0.12471E+01 0.000670766 0.000671043 0.000671043 0.0137604
4.0 50.00000 -1.36000 0.12542E+01 0.000674055 0.000675768 0.000675768 0.0128543
4.0 50.00000 -1.36000 0.12613E+01 0.000644455 0.000647355 0.000647355 0.0126029
4.0 50.00000 -1.36000 0.12684E+01 0.000618766 0.000622793 0.000622793 0.0122496
4.0 50.00000 -1.36000 0.12755E+01 0.000593469 0.000598405 0.000598405 0.0124816
4.0 50.00000 -1.36000 0.12825E+01 0.000581583 0.000587589 0.000587589 0.0120894
4.0 50.00000 -1.36000 0.12896E+01 0.000562956 0.00057007 0.00057007 0.0118262
4.0 50.00000 -1.36000 0.12966E+01 0.00055457 0.000562859 0.000562859 0.0117729
4.0 50.00000 -1.36000 0.13035E+01 0.000539539 0.000548851 0.000548851 0.0120591
4.0 50.00000 -1.36000 0.13105E+01 0.000527541 0.000537601 0.000537601 0.0121966
4.0 50.00000 -1.36000 0.13174E+01 0.000510605 0.000521214 0.000521214 0.0124849
4.0 50.00000 -1.36000 0.13243E+01 0.000491291 0.000502288 0.000502288 0.0125519
4.0 50.00000 -1.36000 0.13312E+01 0.000454884 0.000466026 0.000466026 0.0132259
4.0 50.00000 -1.36000 0.13381E+01 0.000445783 0.000457642 0.000457642 0.0134053
4.0 50.00000 -1.36000 0.13450E+01 0.000443046 0.000455768 0.000455768 0.0130963
4.0 50.00000 -1.36000 0.13518E+01 0.000428249 0.000441494 0.000441494 0.0134027
4.0 50.00000 -1.36000 0.13586E+01 0.000401338 0.000414558 0.000414558 0.0140067
4.0 50.00000 -1.36000 0.13654E+01 0.000393976 0.000407708 0.000407708 0.014132
4.0 50.00000 -1.36000 0.13722E+01 0.00038131 0.000395212 0.000395212 0.0143131
4.0 50.00000 -1.36000 0.13789E+01 0.000369646 0.000383754 0.000383754 0.0143195
4.0 50.00000 -1.36000 0.13856E+01 0.000348496 0.000362426 0.000362426 0.0153497
4.0 50.00000 -1.36000 0.13923E+01 0.000342452 0.000356933 0.000356933 0.0150272
4.0 50.00000 -1.36000 0.13990E+01 0.000325222 0.000339696 0.000339696 0.0155356
4.0 50.00000 -1.36000 0.14057E+01 0.000318854 0.000333721 0.000333721 0.0156229
4.0 50.00000 -1.36000 0.14123E+01 0.000301073 0.000315596 0.000315596 0.0162518
4.0 50.00000 -1.36000 0.14189E+01 0.000296778 0.00031163 0.00031163 0.0164093
4.0 50.00000 -1.36000 0.14255E+01 0.00028249 0.000297164 0.000297164 0.0170849
4.0 50.00000 -1.36000 0.14321E+01 0.000273675 0.000288497 0.000288497 0.0178695
4.0 50.00000 -1.36000 0.14387E+01 0.000269804 0.000285043 0.000285043 0.0180784
4.0 50.00000 -1.36000 0.14452E+01 0.000264204 0.000279662 0.000279662 0.0192631
4.0 50.00000 -1.36000 0.14518E+01 0.000258208 0.00027373 0.00027373 0.0200044
4.0 50.00000 -1.36000 0.14583E+01 0.000244333 0.000259465 0.000259465 0.0218829
4.0 50.00000 -1.36000 0.14648E+01 0.000241591 0.000257016 0.000257016 0.0229364
4.0 50.00000 -1.36000 0.14712E+01 0.000218628 0.00023285 0.00023285 0.025942
4.0 50.00000 -1.36000 0.14777E+01 0.000213245 0.000227437 0.000227437 0.0270101
4.0 50.00000 -1.59000 0.14497E+01 0.000232935 0.000246821 0.000246821 0.0165188
4.0 50.00000 -1.59000 0.14581E+01 0.000222372 0.00023612 0.00023612 0.0153192
4.0 50.00000 -1.59000 0.14666E+01 0.000215041 0.000228858 0.000228858 0.0147918
4.0 50.00000 -1.59000 0.14750E+01 0.000213754 0.00022783 0.00022783 0.0146552
4.0 50.00000 -1.59000 0.14833E+01 0.000201429 0.000215161 0.000215161 0.0141553
4.0 50.00000 -1.59000 0.14917E+01 0.00019164 0.000205167 0.000205167 0.0140967
4.0 50.00000 -1.59000 0.15000E+01 0.000180388 0.000193576 0.000193576 0.0144454
4.0 50.00000 -1.59000 0.15083E+01 0.000171798 0.000184741 0.000184741 0.0143727
4.0 50.00000 -1.59000 0.15165E+01 0.000169057 0.000182083 0.000182083 0.0139279
4.0 50.00000 -1.59000 0.15247E+01 0.000155568 0.000167818 0.000167818 0.0150947
4.0 50.00000 -1.59000 0.15329E+01 0.000149789 0.000161986 0.000161986 0.0153826
4.0 50.00000 -1.59000 0.15411E+01 0.00014006 0.000152074 0.000152074 0.0159449
4.0 50.00000 -1.59000 0.15492E+01 0.00012667 0.000137965 0.000137965 0.0167299
4.0 50.00000 -1.59000 0.15573E+01 0.000128992 0.000140656 0.000140656 0.016291
4.0 50.00000 -1.59000 0.15653E+01 0.000112945 0.000123031 0.000123031 0.017855
4.0 50.00000 -1.59000 0.15733E+01 0.000111016 0.000120926 0.000120926 0.0174007
4.0 50.00000 -1.59000 0.15813E+01 0.000105074 0.000114761 0.000114761 0.0182775
4.0 50.00000 -1.59000 0.15893E+01 9.91958e-05 0.00010857 0.00010857 0.0188455
4.0 50.00000 -1.59000 0.15972E+01 9.29365e-05 0.000101877 0.000101877 0.0196606
4.0 50.00000 -1.59000 0.16051E+01 8.63015e-05 9.47604e-05 9.47604e-05 0.0213012
4.0 50.00000 -1.59000 0.16130E+01 8.07153e-05 8.87927e-05 8.87927e-05 0.0204631
4.0 50.00000 -1.59000 0.16208E+01 7.9192e-05 8.7204e-05 8.7204e-05 0.0213826
4.0 50.00000 -1.59000 0.16287E+01 7.6129e-05 8.39141e-05 8.39141e-05 0.021464
4.0 50.00000 -1.59000 0.16364E+01 7.03591e-05 7.76669e-05 7.76669e-05 0.0218508
4.0 50.00000 -1.59000 0.16442E+01 6.47458e-05 7.16004e-05 7.16004e-05 0.023529
4.0 50.00000 -1.59000 0.16519E+01 6.0261e-05 6.67671e-05 6.67671e-05 0.0238253
4.0 50.00000 -1.59000 0.16596E+01 6.12074e-05 6.79832e-05 6.79832e-05 0.0237955
4.0 50.00000 -1.59000 0.16673E+01 5.65187e-05 6.29302e-05 6.29302e-05 0.0252564
4.0 50.00000 -1.59000 0.16749E+01 5.13676e-05 5.73411e-05 5.73411e-05 0.0283816
4.0 50.00000 -1.59000 0.16825E+01 4.85177e-05 5.42908e-05 5.42908e-05 0.0286549
4.0 50.00000 -1.59000 0.16901E+01 4.63339e-05 5.19979e-05 5.19979e-05 0.0316449
4.0 50.00000 -1.59000 0.16977E+01 4.3375e-05 4.88143e-05 4.88143e-05 0.0333293
4.0 50.00000 -1.59000 0.17052E+01 4.05676e-05 4.57615e-05 4.57615e-05 0.0353727
4.0 50.00000 -1.59000 0.17127E+01 3.91289e-05 4.42429e-05 4.42429e-05 0.0381431
4.0 50.00000 -1.59000 0.17202E+01 3.56218e-05 4.03357e-05 4.03357e-05 0.0440094
4.0 50.00000 -1.59000 0.17276E+01 3.42542e-05 3.88294e-05 3.88294e-05 0.047654
4.0 50.00000 -1.86000 0.16959E+01 3.99401e-05 4.49199e-05 4.49199e-05 0.0484463
4.0 50.00000 -1.86000 0.17060E+01 3.77458e-05 4.25941e-05 4.25941e-05 0.0430972
4.0 50.00000 -1.86000 0.17160E+01 3.70775e-05 4.19575e-05 4.19575e-05 0.0425324
4.0 50.00000 -1.86000 0.17260E+01 3.31838e-05 3.76055e-05 3.76055e-05 0.0424154
4.0 50.00000 -1.86000 0.17359E+01 2.98981e-05 3.39256e-05 3.39256e-05 0.0430001
4.0 50.00000 -1.86000 0.17458E+01 2.75562e-05 3.1283e-05 3.1283e-05 0.0421612
4.0 50.00000 -1.86000 0.17556E+01 2.50538e-05 2.85028e-05 2.85028e-05 0.0443811
4.0 50.00000 -1.86000 0.17654E+01 2.26458e-05 2.58215e-05 2.58215e-05 0.0466432
4.0 50.00000 -1.86000 0.17751E+01 2.23898e-05 2.55677e-05 2.55677e-05 0.0463099
4.0 50.00000 -1.86000 0.17848E+01 2.00403e-05 2.29414e-05 2.29414e-05 0.0497226
4.0 50.00000 -1.86000 0.17944E+01 1.92681e-05 2.21138e-05 2.21138e-05 0.0507111
4.0 50.00000 -1.86000 0.18040E+01 1.59713e-05 1.83773e-05 1.83773e-05 0.0583661
4.0 50.00000 -1.86000 0.18136E+01 1.59808e-05 1.84274e-05 1.84274e-05 0.0558326
4.0 50.00000 -1.86000 0.18231E+01 1.48648e-05 1.71722e-05 1.71722e-05 0.0566677
4.0 50.00000 -1.86000 0.18325E+01 1.37019e-05 1.58593e-05 1.58593e-05 0.058885
4.0 50.00000 -1.86000 0.18419E+01 1.2845e-05 1.49065e-05 1.49065e-05 0.060618
4.0 50.00000 -1.86000 0.18513E+01 9.4525e-06 1.09976e-05 1.09976e-05 0.076933
4.0 50.00000 -1.86000 0.18606E+01 8.01706e-06 9.34397e-06 9.34397e-06 0.0941141
4.0 50.00000 -1.86000 0.18699E+01 8.52351e-06 9.95171e-06 9.95171e-06 0.074872
4.0 50.00000 -1.86000 0.18791E+01 7.80807e-06 9.13307e-06 9.13307e-06 0.0804408
4.0 50.00000 -1.86000 0.18883E+01 6.68262e-06 7.83081e-06 7.83081e-06 0.0925487
4.0 50.00000 -1.86000 0.18974E+01 7.13467e-06 8.37804e-06 8.37804e-06 0.0875293
4.0 50.00000 -1.86000 0.19065E+01 5.6096e-06 6.59805e-06 6.59805e-06 0.0940971
4.0 50.00000 -1.86000 0.19156E+01 6.45832e-06 7.6034e-06 7.6034e-06 0.0860896
4.0 50.00000 -1.86000 0.19246E+01 4.09174e-06 4.82342e-06 4.82342e-06 0.115087
4.0 50.00000 -1.86000 0.19336E+01 4.73301e-06 5.58932e-06 5.58932e-06 0.111901
4.0 50.00000 -1.86000 0.19425E+01 5.02085e-06 5.94283e-06 5.94283e-06 0.0976103
4.0 50.00000 -1.86000 0.19514E+01 3.65133e-06 4.3276e-06 4.3276e-06 0.118816
4.0 50.00000 -1.86000 0.19602E+01 3.60932e-06 4.28031e-06 4.28031e-06 0.124232
4.0 50.00000 -1.86000 0.19691E+01 2.47719e-06 2.94034e-06 2.94034e-06 0.211588
4.0 50.00000 -1.86000 0.19778E+01 2.92975e-06 3.48348e-06 3.48348e-06 0.14385
4.0 50.00000 -1.86000 0.19865E+01 2.24761e-06 2.6767e-06 2.6767e-06 0.185763
4.0 50.00000 -1.86000 0.19952E+01 1.72622e-06 2.05708e-06 2.05708e-06 0.220612
4.0 50.00000 -1.86000 0.20039E+01 3.11944e-06 3.7177e-06 3.7177e-06 0.170083
4.0 50.00000 -1.86000 0.20125E+01 2.40147e-06 2.86515e-06 2.86515e-06 0.193589
4.0 50.00000 -1.86000 0.20210E+01 1.71986e-06 2.05399e-06 2.05399e-06 0.258599
4.0 50.00000 -2.17000 0.19787E+01 2.03361e-06 2.41862e-06 2.41862e-06 0.196747
4.0 50.00000 -2.17000 0.19907E+01 1.97085e-06 2.34796e-06 2.34796e-06 0.253315
4.0 50.00000 -2.17000 0.20026E+01 2.15928e-06 2.57343e-06 2.57343e-06 0.145764
4.0 50.00000 -2.17000 0.20145E+01 1.41936e-06 1.69385e-06 1.69385e-06 0.190355
4.0 50.00000 -2.17000 0.20263E+01 1.3915e-06 1.66261e-06 1.66261e-06 0.175235
4.0 50.00000 -2.17000 0.20380E+01 8.95891e-07 1.07041e-06 1.07041e-06 0.248449
4.0 50.00000 -2.17000 0.20496E+01 1.18147e-06 1.41226e-06 1.41226e-06 0.284082
4.0 50.00000 -2.17000 0.20612E+01 8.8782e-07 1.06093e-06 1.06093e-06 0.218444
4.0 50.00000 -2.17000 0.20727E+01 7.67671e-07 9.15984e-07 9.15984e-07 0.228281
4.0 50.00000 -2.17000 0.20841E+01 1.1709e-06 1.39511e-06 1.39511e-06 0.183162
4.0 50.00000 -2.17000 0.20954E+01 3.77652e-07 4.49259e-07 4.49259e-07 0.769199
4.0 50.00000 -2.17000 0.21067E+01 8.15082e-07 9.70042e-07 9.70042e-07 0.229237
4.0 50.00000 -2.17000 0.21179E+01 2.77393e-07 3.30373e-07 3.30373e-07 0.417223
4.0 50.00000 -2.17000 0.21291E+01 5.01978e-07 5.98283e-07 5.98283e-07 0.308348
4.0 50.00000 -2.17000 0.21401E+01 3.28028e-07 3.90938e-07 3.90938e-07 0.362271
4.0 50.00000 -2.17000 0.21511E+01 3.64171e-07 4.34332e-07 4.34332e-07 0.341278
4.0 50.00000 -2.17000 0.21621E+01 3.30991e-07 3.95071e-07 3.95071e-07 0.362208
4.0 50.00000 -2.17000 0.21729E+01 3.85337e-07 4.60037e-07 4.60037e-07 0.322147
4.0 50.00000 -2.17000 0.21837E+01 1.0484e-07 1.25295e-07 1.25295e-07 0.712376
4.0 50.00000 -2.17000 0.21945E+01 1.42327e-07 1.70222e-07 1.70222e-07 0.589581
4.0 50.00000 -2.17000 0.22052E+01 1.41005e-07 1.68798e-07 1.68798e-07 0.589492
4.0 50.00000 -2.17000 0.22158E+01 1.77975e-07 2.13205e-07 2.13205e-07 0.512131
4.0 50.00000 -2.17000 0.22263E+01 8.94772e-08 1.07246e-07 1.07246e-07 0.882051
4.0 50.00000 -2.17000 0.22368E+01 2.18221e-07 2.62016e-07 2.62016e-07 0.408251
4.0 50.00000 -2.17000 0.22472E+01 5.39341e-08 6.47956e-08 6.47956e-08 1.00661
4.0 50.00000 -2.17000 0.22576E+01 1.81962e-08 2.1874e-08 2.1874e-08 2.27551
4.0 50.00000 -2.17000 0.22782E+01 3.77313e-08 4.54924e-08 4.54924e-08 1
4.0 50.00000 -2.17000 0.22883E+01 1.55845e-07 1.88053e-07 1.88053e-07 0.5
4.0 50.00000 -2.17000 0.22985E+01 4.23136e-08 5.11497e-08 5.11497e-08 1
4.0 50.00000 -2.17000 0.23085E+01 2.24921e-08 2.72407e-08 2.72407e-08 2.27213
4.0 50.00000 -2.17000 0.23185E+01 4.90057e-08 5.94221e-08 5.94221e-08 1
4.0 50.00000 -2.17000 0.23482E+01 6.93559e-08 8.44835e-08 8.44835e-08 1
4.0 50.00000 -2.17000 0.23580E+01 7.87311e-08 9.60563e-08 9.60563e-08 1
